,subjID,experimentName,versionName,sequenceName,url,selected_row,windowWidth,windowHeight,screenWidth,screenHeight,startDate,startTime,trial,stimulus_0,stimulus_1,duration,actual_depth_0,actual_depth_1,discrim_choice,trial_RT,log_fixation,log_sceneDuration1,log_mask1,log_sceneDuration2,log_mask2,experimentTime,totalTime,age,gender
0,997276.0,DepthScenes,v2_duration_discrimination,discrim_jsons/Discrim250_randls_56_rotated.json,http://54.235.29.9/FacialAge/BNav_EC2/DepthDuration/v2_depth_discrimination_MTurk/v2_DepthDiscrim_HTML.html#448,448.0,1920.0,929.0,1920.0,1080.0,9-6-2022,14-34-38,2.0,depth_discrimination_stimuli/002805_2014-06-22_19-54-03_094959634447_rgbf000079-resize_1/002805_2014-06-22_19-54-03_094959634447_rgbf000079-resize_1-target.png,depth_discrimination_stimuli/000906_2014-06-08_13-35-43_260595134347_rgbf000155-resize_1/000906_2014-06-08_13-35-43_260595134347_rgbf000155-resize_1-target.png,250.0,3.1439999999999997,2.8489999999999998,1.0,1192.0,1009.0,249.0,1005.0,252.0,489.0,,539958,46,Man
1,997276.0,DepthScenes,v2_duration_discrimination,discrim_jsons/Discrim250_randls_56_rotated.json,http://54.235.29.9/FacialAge/BNav_EC2/DepthDuration/v2_depth_discrimination_MTurk/v2_DepthDiscrim_HTML.html#448,448.0,1920.0,929.0,1920.0,1080.0,9-6-2022,14-34-38,3.0,depth_discrimination_stimuli/002637_2014-06-24_14-51-13_094959634447_rgbf000066-resize_4/002637_2014-06-24_14-51-13_094959634447_rgbf000066-resize_4-target.png,depth_discrimination_stimuli/003534_2014-05-22_15-06-10_094959634447_rgbf000102-resize_4/003534_2014-05-22_15-06-10_094959634447_rgbf000102-resize_4-target.png,250.0,1.9955,1.426,0.0,1045.0,1006.0,252.0,1000.0,251.0,505.0,,539958,46,Man
2,997276.0,DepthScenes,v2_duration_discrimination,discrim_jsons/Discrim250_randls_56_rotated.json,http://54.235.29.9/FacialAge/BNav_EC2/DepthDuration/v2_depth_discrimination_MTurk/v2_DepthDiscrim_HTML.html#448,448.0,1920.0,929.0,1920.0,1080.0,9-6-2022,14-34-38,4.0,depth_discrimination_stimuli/001214_2014-06-17_16-13-55_260595134347_rgbf000111-resize_0/001214_2014-06-17_16-13-55_260595134347_rgbf000111-resize_0-target.png,depth_discrimination_stimuli/000810_2014-06-08_17-20-01_260595134347_rgbf000105-resize_0/000810_2014-06-08_17-20-01_260595134347_rgbf000105-resize_0-target.png,250.0,2.6505,1.4865,0.0,1569.0,1006.0,250.0,999.0,250.0,499.0,,539958,46,Man
3,997276.0,DepthScenes,v2_duration_discrimination,discrim_jsons/Discrim250_randls_56_rotated.json,http://54.235.29.9/FacialAge/BNav_EC2/DepthDuration/v2_depth_discrimination_MTurk/v2_DepthDiscrim_HTML.html#448,448.0,1920.0,929.0,1920.0,1080.0,9-6-2022,14-34-38,5.0,depth_discrimination_stimuli/003081_2014-06-15_15-19-16_094959634447_rgbf000150-resize_1/003081_2014-06-15_15-19-16_094959634447_rgbf000150-resize_1-target.png,depth_discrimination_stimuli/001417_2014-06-19_16-25-36_260595134347_rgbf000115-resize_5/001417_2014-06-19_16-25-36_260595134347_rgbf000115-resize_5-target.png,250.0,3.9125,4.6255,1.0,1731.0,1014.0,251.0,995.0,249.0,502.0,,539958,46,Man
4,997276.0,DepthScenes,v2_duration_discrimination,discrim_jsons/Discrim250_randls_56_rotated.json,http://54.235.29.9/FacialAge/BNav_EC2/DepthDuration/v2_depth_discrimination_MTurk/v2_DepthDiscrim_HTML.html#448,448.0,1920.0,929.0,1920.0,1080.0,9-6-2022,14-34-38,6.0,depth_discrimination_stimuli/002678_2014-06-13_16-15-32_094959634447_rgbf000151-resize_6/002678_2014-06-13_16-15-32_094959634447_rgbf000151-resize_6-target.png,depth_discrimination_stimuli/000368_2014-06-09_15-53-01_260595134347_rgbf000155-resize_2/000368_2014-06-09_15-53-01_260595134347_rgbf000155-resize_2-target.png,250.0,2.1830000000000003,2.4859999999999998,0.0,1623.0,1014.0,237.0,1006.0,249.0,499.0,,539958,46,Man
5,997276.0,DepthScenes,v2_duration_discrimination,discrim_jsons/Discrim250_randls_56_rotated.json,http://54.235.29.9/FacialAge/BNav_EC2/DepthDuration/v2_depth_discrimination_MTurk/v2_DepthDiscrim_HTML.html#448,448.0,1920.0,929.0,1920.0,1080.0,9-6-2022,14-34-38,7.0,depth_discrimination_stimuli/001815_2014-06-26_20-52-55_260595134347_rgbf000020-resize_0/001815_2014-06-26_20-52-55_260595134347_rgbf000020-resize_0-target.png,depth_discrimination_stimuli/001808_2014-06-26_20-50-58_260595134347_rgbf000029-resize_1/001808_2014-06-26_20-50-58_260595134347_rgbf000029-resize_1-target.png,250.0,3.3865,4.249,0.0,1160.0,1008.0,249.0,998.0,251.0,500.0,,539958,46,Man
6,997276.0,DepthScenes,v2_duration_discrimination,discrim_jsons/Discrim250_randls_56_rotated.json,http://54.235.29.9/FacialAge/BNav_EC2/DepthDuration/v2_depth_discrimination_MTurk/v2_DepthDiscrim_HTML.html#448,448.0,1920.0,929.0,1920.0,1080.0,9-6-2022,14-34-38,8.0,depth_discrimination_stimuli/003338_2014-05-20_11-01-23_094959634447_rgbf000051-resize_6/003338_2014-05-20_11-01-23_094959634447_rgbf000051-resize_6-target.png,depth_discrimination_stimuli/002509_2014-06-24_13-19-22_094959634447_rgbf000077-resize_0/002509_2014-06-24_13-19-22_094959634447_rgbf000077-resize_0-target.png,250.0,1.693,1.3065,0.0,1087.0,1012.0,249.0,1004.0,237.0,506.0,,539958,46,Man
7,997276.0,DepthScenes,v2_duration_discrimination,discrim_jsons/Discrim250_randls_56_rotated.json,http://54.235.29.9/FacialAge/BNav_EC2/DepthDuration/v2_depth_discrimination_MTurk/v2_DepthDiscrim_HTML.html#448,448.0,1920.0,929.0,1920.0,1080.0,9-6-2022,14-34-38,9.0,depth_discrimination_stimuli/002344_2014-06-28_20-06-29_260595134347_rgbf000030-resize_1/002344_2014-06-28_20-06-29_260595134347_rgbf000030-resize_1-target.png,depth_discrimination_stimuli/002725_2014-06-22_11-47-51_094959634447_rgbf000070-resize_1/002725_2014-06-22_11-47-51_094959634447_rgbf000070-resize_1-target.png,250.0,1.5795,2.195,0.0,1434.0,1006.0,254.0,993.0,252.0,505.0,,539958,46,Man
8,997276.0,DepthScenes,v2_duration_discrimination,discrim_jsons/Discrim250_randls_56_rotated.json,http://54.235.29.9/FacialAge/BNav_EC2/DepthDuration/v2_depth_discrimination_MTurk/v2_DepthDiscrim_HTML.html#448,448.0,1920.0,929.0,1920.0,1080.0,9-6-2022,14-34-38,10.0,depth_discrimination_stimuli/000742_2014-06-08_18-48-09_260595134347_rgbf000164-resize_4/000742_2014-06-08_18-48-09_260595134347_rgbf000164-resize_4-target.png,depth_discrimination_stimuli/001066_2014-06-08_22-03-20_260595134347_rgbf000066-resize_4/001066_2014-06-08_22-03-20_260595134347_rgbf000066-resize_4-target.png,250.0,4.632,4.2330000000000005,3.0,1073.0,1003.0,250.0,1009.0,252.0,486.0,,539958,46,Man
9,997276.0,DepthScenes,v2_duration_discrimination,discrim_jsons/Discrim250_randls_56_rotated.json,http://54.235.29.9/FacialAge/BNav_EC2/DepthDuration/v2_depth_discrimination_MTurk/v2_DepthDiscrim_HTML.html#448,448.0,1920.0,929.0,1920.0,1080.0,9-6-2022,14-34-38,11.0,depth_discrimination_stimuli/001498_2014-06-19_17-45-14_260595134347_rgbf000129-resize_4/001498_2014-06-19_17-45-14_260595134347_rgbf000129-resize_4-target.png,depth_discrimination_stimuli/001498_2014-06-19_17-45-14_260595134347_rgbf000129-resize_4/001498_2014-06-19_17-45-14_260595134347_rgbf000129-resize_4-target.png,250.0,1.4075,1.4075,0.0,1192.0,1009.0,252.0,1002.0,253.0,492.0,,539958,46,Man
10,997276.0,DepthScenes,v2_duration_discrimination,discrim_jsons/Discrim250_randls_56_rotated.json,http://54.235.29.9/FacialAge/BNav_EC2/DepthDuration/v2_depth_discrimination_MTurk/v2_DepthDiscrim_HTML.html#448,448.0,1920.0,929.0,1920.0,1080.0,9-6-2022,14-34-38,12.0,depth_discrimination_stimuli/001584_2014-06-20_11-07-43_260595134347_rgbf000002-resize_1/001584_2014-06-20_11-07-43_260595134347_rgbf000002-resize_1-target.png,depth_discrimination_stimuli/003621_2014-05-23_18-06-08_094959634447_rgbf000101-resize_1/003621_2014-05-23_18-06-08_094959634447_rgbf000101-resize_1-target.png,250.0,3.53,3.9835,1.0,977.0,1006.0,254.0,995.0,252.0,504.0,,539958,46,Man
11,997276.0,DepthScenes,v2_duration_discrimination,discrim_jsons/Discrim250_randls_56_rotated.json,http://54.235.29.9/FacialAge/BNav_EC2/DepthDuration/v2_depth_discrimination_MTurk/v2_DepthDiscrim_HTML.html#448,448.0,1920.0,929.0,1920.0,1080.0,9-6-2022,14-34-38,13.0,depth_discrimination_stimuli/003048_2014-06-15_13-49-43_094959634447_rgbf000150-resize_1/003048_2014-06-15_13-49-43_094959634447_rgbf000150-resize_1-target.png,depth_discrimination_stimuli/002043_2014-06-24_20-29-38_260595134347_rgbf000039-resize_4/002043_2014-06-24_20-29-38_260595134347_rgbf000039-resize_4-target.png,250.0,4.0035,2.8435,1.0,1518.0,1009.0,253.0,996.0,252.0,501.0,,539958,46,Man
12,997276.0,DepthScenes,v2_duration_discrimination,discrim_jsons/Discrim250_randls_56_rotated.json,http://54.235.29.9/FacialAge/BNav_EC2/DepthDuration/v2_depth_discrimination_MTurk/v2_DepthDiscrim_HTML.html#448,448.0,1920.0,929.0,1920.0,1080.0,9-6-2022,14-34-38,14.0,depth_discrimination_stimuli/001392_2014-06-19_16-07-59_260595134347_rgbf000046-resize_1/001392_2014-06-19_16-07-59_260595134347_rgbf000046-resize_1-target.png,depth_discrimination_stimuli/001570_2014-06-20_17-21-09_260595134347_rgbf000135-resize_4/001570_2014-06-20_17-21-09_260595134347_rgbf000135-resize_4-target.png,250.0,4.135,4.467,1.0,1846.0,1001.0,251.0,1005.0,252.0,505.0,,539958,46,Man
13,997276.0,DepthScenes,v2_duration_discrimination,discrim_jsons/Discrim250_randls_56_rotated.json,http://54.235.29.9/FacialAge/BNav_EC2/DepthDuration/v2_depth_discrimination_MTurk/v2_DepthDiscrim_HTML.html#448,448.0,1920.0,929.0,1920.0,1080.0,9-6-2022,14-34-38,15.0,depth_discrimination_stimuli/002444_2014-06-28_20-32-08_260595134347_rgbf000027-resize_0/002444_2014-06-28_20-32-08_260595134347_rgbf000027-resize_0-target.png,depth_discrimination_stimuli/000436_2014-06-09_22-25-11_260595134347_rgbf000137-resize_1/000436_2014-06-09_22-25-11_260595134347_rgbf000137-resize_1-target.png,250.0,4.388999999999999,4.0705,1.0,1587.0,1008.0,253.0,992.0,256.0,497.0,,539958,46,Man
14,997276.0,DepthScenes,v2_duration_discrimination,discrim_jsons/Discrim250_randls_56_rotated.json,http://54.235.29.9/FacialAge/BNav_EC2/DepthDuration/v2_depth_discrimination_MTurk/v2_DepthDiscrim_HTML.html#448,448.0,1920.0,929.0,1920.0,1080.0,9-6-2022,14-34-38,16.0,depth_discrimination_stimuli/002949_2014-06-26_15-57-42_094959634447_rgbf000079-resize_1/002949_2014-06-26_15-57-42_094959634447_rgbf000079-resize_1-target.png,depth_discrimination_stimuli/000522_2014-06-08_13-35-06_260595134347_rgbf000244-resize_1/000522_2014-06-08_13-35-06_260595134347_rgbf000244-resize_1-target.png,250.0,1.8915,2.3715,3.0,1100.0,1011.0,250.0,999.0,251.0,501.0,,539958,46,Man
15,997276.0,DepthScenes,v2_duration_discrimination,discrim_jsons/Discrim250_randls_56_rotated.json,http://54.235.29.9/FacialAge/BNav_EC2/DepthDuration/v2_depth_discrimination_MTurk/v2_DepthDiscrim_HTML.html#448,448.0,1920.0,929.0,1920.0,1080.0,9-6-2022,14-34-38,17.0,depth_discrimination_stimuli/002072_2014-06-24_21-48-06_260595134347_rgbf000115-resize_0/002072_2014-06-24_21-48-06_260595134347_rgbf000115-resize_0-target.png,depth_discrimination_stimuli/002072_2014-06-24_21-48-06_260595134347_rgbf000115-resize_0/002072_2014-06-24_21-48-06_260595134347_rgbf000115-resize_0-target.png,250.0,4.702,4.702,0.0,1222.0,1012.0,248.0,990.0,250.0,500.0,,539958,46,Man
16,997276.0,DepthScenes,v2_duration_discrimination,discrim_jsons/Discrim250_randls_56_rotated.json,http://54.235.29.9/FacialAge/BNav_EC2/DepthDuration/v2_depth_discrimination_MTurk/v2_DepthDiscrim_HTML.html#448,448.0,1920.0,929.0,1920.0,1080.0,9-6-2022,14-34-38,18.0,depth_discrimination_stimuli/003079_2014-06-15_15-18-20_094959634447_rgbf000152-resize_8/003079_2014-06-15_15-18-20_094959634447_rgbf000152-resize_8-target.png,depth_discrimination_stimuli/000506_2014-06-08_23-21-00_260595134347_rgbf000070-resize_7/000506_2014-06-08_23-21-00_260595134347_rgbf000070-resize_7-target.png,250.0,2.8775,4.0585,1.0,1320.0,1002.0,248.0,1005.0,249.0,505.0,,539958,46,Man
17,997276.0,DepthScenes,v2_duration_discrimination,discrim_jsons/Discrim250_randls_56_rotated.json,http://54.235.29.9/FacialAge/BNav_EC2/DepthDuration/v2_depth_discrimination_MTurk/v2_DepthDiscrim_HTML.html#448,448.0,1920.0,929.0,1920.0,1080.0,9-6-2022,14-34-38,19.0,depth_discrimination_stimuli/002467_2014-06-28_20-38-07_260595134347_rgbf000026-resize_2/002467_2014-06-28_20-38-07_260595134347_rgbf000026-resize_2-target.png,depth_discrimination_stimuli/002570_2014-06-24_13-59-54_094959634447_rgbf000059-resize_0/002570_2014-06-24_13-59-54_094959634447_rgbf000059-resize_0-target.png,250.0,4.742,4.037,1.0,1252.0,1015.0,237.0,1008.0,252.0,501.0,,539958,46,Man
18,997276.0,DepthScenes,v2_duration_discrimination,discrim_jsons/Discrim250_randls_56_rotated.json,http://54.235.29.9/FacialAge/BNav_EC2/DepthDuration/v2_depth_discrimination_MTurk/v2_DepthDiscrim_HTML.html#448,448.0,1920.0,929.0,1920.0,1080.0,9-6-2022,14-34-38,20.0,depth_discrimination_stimuli/001450_2014-06-19_17-02-03_260595134347_rgbf000203-resize_4/001450_2014-06-19_17-02-03_260595134347_rgbf000203-resize_4-target.png,depth_discrimination_stimuli/001449_2014-06-19_17-01-27_260595134347_rgbf000116-resize_2/001449_2014-06-19_17-01-27_260595134347_rgbf000116-resize_2-target.png,250.0,4.0106666666667,3.452,0.0,1408.0,1016.0,235.0,1004.0,249.0,501.0,,539958,46,Man
19,997276.0,DepthScenes,v2_duration_discrimination,discrim_jsons/Discrim250_randls_56_rotated.json,http://54.235.29.9/FacialAge/BNav_EC2/DepthDuration/v2_depth_discrimination_MTurk/v2_DepthDiscrim_HTML.html#448,448.0,1920.0,929.0,1920.0,1080.0,9-6-2022,14-34-38,21.0,depth_discrimination_stimuli/000409_2014-06-04_19-23-33_260595134347_rgbf000067-resize_0/000409_2014-06-04_19-23-33_260595134347_rgbf000067-resize_0-target.png,depth_discrimination_stimuli/002663_2014-06-13_15-50-26_094959634447_rgbf000075-resize_1/002663_2014-06-13_15-50-26_094959634447_rgbf000075-resize_1-target.png,250.0,3.7335,4.7495,0.0,1063.0,1009.0,250.0,1005.0,237.0,501.0,,539958,46,Man
20,997276.0,DepthScenes,v2_duration_discrimination,discrim_jsons/Discrim250_randls_56_rotated.json,http://54.235.29.9/FacialAge/BNav_EC2/DepthDuration/v2_depth_discrimination_MTurk/v2_DepthDiscrim_HTML.html#448,448.0,1920.0,929.0,1920.0,1080.0,9-6-2022,14-34-38,22.0,depth_discrimination_stimuli/003228_2014-05-14_13-42-35_094959634447_rgbf000101-resize_1/003228_2014-05-14_13-42-35_094959634447_rgbf000101-resize_1-target.png,depth_discrimination_stimuli/002600_2014-06-24_14-27-04_094959634447_rgbf000074-resize_2/002600_2014-06-24_14-27-04_094959634447_rgbf000074-resize_2-target.png,250.0,1.9680000000000002,2.7575,1.0,1355.0,1003.0,263.0,995.0,248.0,500.0,,539958,46,Man
21,997276.0,DepthScenes,v2_duration_discrimination,discrim_jsons/Discrim250_randls_56_rotated.json,http://54.235.29.9/FacialAge/BNav_EC2/DepthDuration/v2_depth_discrimination_MTurk/v2_DepthDiscrim_HTML.html#448,448.0,1920.0,929.0,1920.0,1080.0,9-6-2022,14-34-38,23.0,depth_discrimination_stimuli/000734_2014-06-08_17-39-11_260595134347_rgbf000128-resize_2/000734_2014-06-08_17-39-11_260595134347_rgbf000128-resize_2-target.png,depth_discrimination_stimuli/000739_2014-06-08_18-45-58_260595134347_rgbf000068-resize_1/000739_2014-06-08_18-45-58_260595134347_rgbf000068-resize_1-target.png,250.0,4.098,3.534,0.0,1073.0,1010.0,252.0,992.0,253.0,499.0,,539958,46,Man
22,997276.0,DepthScenes,v2_duration_discrimination,discrim_jsons/Discrim250_randls_56_rotated.json,http://54.235.29.9/FacialAge/BNav_EC2/DepthDuration/v2_depth_discrimination_MTurk/v2_DepthDiscrim_HTML.html#448,448.0,1920.0,929.0,1920.0,1080.0,9-6-2022,14-34-38,24.0,depth_discrimination_stimuli/001052_2014-06-08_18-24-54_260595134347_rgbf000130-resize_1/001052_2014-06-08_18-24-54_260595134347_rgbf000130-resize_1-target.png,depth_discrimination_stimuli/002988_2014-06-15_12-24-20_094959634447_rgbf000150-resize_1/002988_2014-06-15_12-24-20_094959634447_rgbf000150-resize_1-target.png,250.0,4.1045,4.7669999999999995,1.0,1055.0,1006.0,251.0,999.0,251.0,500.0,,539958,46,Man
23,997276.0,DepthScenes,v2_duration_discrimination,discrim_jsons/Discrim250_randls_56_rotated.json,http://54.235.29.9/FacialAge/BNav_EC2/DepthDuration/v2_depth_discrimination_MTurk/v2_DepthDiscrim_HTML.html#448,448.0,1920.0,929.0,1920.0,1080.0,9-6-2022,14-34-38,25.0,depth_discrimination_stimuli/000749_2014-06-08_21-55-06_260595134347_rgbf000070-resize_2/000749_2014-06-08_21-55-06_260595134347_rgbf000070-resize_2-target.png,depth_discrimination_stimuli/002788_2014-06-22_19-36-03_094959634447_rgbf000088-resize_2/002788_2014-06-22_19-36-03_094959634447_rgbf000088-resize_2-target.png,250.0,2.331,1.6465,0.0,1207.0,1008.0,251.0,1005.0,251.0,499.0,,539958,46,Man
24,997276.0,DepthScenes,v2_duration_discrimination,discrim_jsons/Discrim250_randls_56_rotated.json,http://54.235.29.9/FacialAge/BNav_EC2/DepthDuration/v2_depth_discrimination_MTurk/v2_DepthDiscrim_HTML.html#448,448.0,1920.0,929.0,1920.0,1080.0,9-6-2022,14-34-38,26.0,depth_discrimination_stimuli/002545_2014-06-24_13-38-53_094959634447_rgbf000080-resize_4/002545_2014-06-24_13-38-53_094959634447_rgbf000080-resize_4-target.png,depth_discrimination_stimuli/001092_2014-06-15_17-34-58_260595134347_rgbf000171-resize_3/001092_2014-06-15_17-34-58_260595134347_rgbf000171-resize_3-target.png,250.0,1.9205,2.6935,3.0,1146.0,1012.0,252.0,989.0,249.0,503.0,,539958,46,Man
25,997276.0,DepthScenes,v2_duration_discrimination,discrim_jsons/Discrim250_randls_56_rotated.json,http://54.235.29.9/FacialAge/BNav_EC2/DepthDuration/v2_depth_discrimination_MTurk/v2_DepthDiscrim_HTML.html#448,448.0,1920.0,929.0,1920.0,1080.0,9-6-2022,14-34-38,27.0,depth_discrimination_stimuli/001170_2014-06-17_15-43-44_260595134347_rgbf000096-resize_6/001170_2014-06-17_15-43-44_260595134347_rgbf000096-resize_6-target.png,depth_discrimination_stimuli/001170_2014-06-17_15-43-44_260595134347_rgbf000096-resize_6/001170_2014-06-17_15-43-44_260595134347_rgbf000096-resize_6-target.png,250.0,1.1909999999999998,1.1909999999999998,0.0,1544.0,1005.0,253.0,1005.0,252.0,494.0,,539958,46,Man
26,997276.0,DepthScenes,v2_duration_discrimination,discrim_jsons/Discrim250_randls_56_rotated.json,http://54.235.29.9/FacialAge/BNav_EC2/DepthDuration/v2_depth_discrimination_MTurk/v2_DepthDiscrim_HTML.html#448,448.0,1920.0,929.0,1920.0,1080.0,9-6-2022,14-34-38,28.0,depth_discrimination_stimuli/000137_2014-05-20_17-04-49_260595134347_rgbf000120-resize_1/000137_2014-05-20_17-04-49_260595134347_rgbf000120-resize_1-target.png,depth_discrimination_stimuli/000736_2014-06-08_18-24-15_260595134347_rgbf000206-resize_3/000736_2014-06-08_18-24-15_260595134347_rgbf000206-resize_3-target.png,250.0,3.786,3.515,0.0,1375.0,1013.0,249.0,1002.0,251.0,491.0,,539958,46,Man
27,997276.0,DepthScenes,v2_duration_discrimination,discrim_jsons/Discrim250_randls_56_rotated.json,http://54.235.29.9/FacialAge/BNav_EC2/DepthDuration/v2_depth_discrimination_MTurk/v2_DepthDiscrim_HTML.html#448,448.0,1920.0,929.0,1920.0,1080.0,9-6-2022,14-34-38,29.0,depth_discrimination_stimuli/002414_2014-06-28_20-24-58_260595134347_rgbf000067-resize_4/002414_2014-06-28_20-24-58_260595134347_rgbf000067-resize_4-target.png,depth_discrimination_stimuli/000773_2014-06-08_22-24-54_260595134347_rgbf000093-resize_1/000773_2014-06-08_22-24-54_260595134347_rgbf000093-resize_1-target.png,250.0,4.363,4.973,0.0,1512.0,1002.0,253.0,1002.0,252.0,501.0,,539958,46,Man
28,997276.0,DepthScenes,v2_duration_discrimination,discrim_jsons/Discrim250_randls_56_rotated.json,http://54.235.29.9/FacialAge/BNav_EC2/DepthDuration/v2_depth_discrimination_MTurk/v2_DepthDiscrim_HTML.html#448,448.0,1920.0,929.0,1920.0,1080.0,9-6-2022,14-34-38,30.0,depth_discrimination_stimuli/003495_2014-05-21_16-01-51_094959634447_rgbf000100-resize_3/003495_2014-05-21_16-01-51_094959634447_rgbf000100-resize_3-target.png,depth_discrimination_stimuli/001244_2014-06-17_16-47-45_260595134347_rgbf000030-resize_4/001244_2014-06-17_16-47-45_260595134347_rgbf000030-resize_4-target.png,250.0,1.6255,2.0425,1.0,1462.0,1004.0,250.0,1003.0,248.0,503.0,,539958,46,Man
29,997276.0,DepthScenes,v2_duration_discrimination,discrim_jsons/Discrim250_randls_56_rotated.json,http://54.235.29.9/FacialAge/BNav_EC2/DepthDuration/v2_depth_discrimination_MTurk/v2_DepthDiscrim_HTML.html#448,448.0,1920.0,929.0,1920.0,1080.0,9-6-2022,14-34-38,31.0,depth_discrimination_stimuli/003490_2014-05-21_15-50-11_094959634447_rgbf000101-resize_3/003490_2014-05-21_15-50-11_094959634447_rgbf000101-resize_3-target.png,depth_discrimination_stimuli/001175_2014-06-17_15-45-55_260595134347_rgbf000129-resize_4/001175_2014-06-17_15-45-55_260595134347_rgbf000129-resize_4-target.png,250.0,3.6445,4.255,0.0,1334.0,1002.0,249.0,1005.0,252.0,502.0,,539958,46,Man
30,997276.0,DepthScenes,v2_duration_discrimination,discrim_jsons/Discrim250_randls_56_rotated.json,http://54.235.29.9/FacialAge/BNav_EC2/DepthDuration/v2_depth_discrimination_MTurk/v2_DepthDiscrim_HTML.html#448,448.0,1920.0,929.0,1920.0,1080.0,9-6-2022,14-34-38,32.0,depth_discrimination_stimuli/000665_2014-06-09_20-42-35_260595134347_rgbf000110-resize_1/000665_2014-06-09_20-42-35_260595134347_rgbf000110-resize_1-target.png,depth_discrimination_stimuli/001150_2014-06-17_15-27-34_260595134347_rgbf000108-resize_2/001150_2014-06-17_15-27-34_260595134347_rgbf000108-resize_2-target.png,250.0,3.057,4.0325,0.0,1180.0,1000.0,253.0,1006.0,251.0,505.0,,539958,46,Man
31,997276.0,DepthScenes,v2_duration_discrimination,discrim_jsons/Discrim250_randls_56_rotated.json,http://54.235.29.9/FacialAge/BNav_EC2/DepthDuration/v2_depth_discrimination_MTurk/v2_DepthDiscrim_HTML.html#448,448.0,1920.0,929.0,1920.0,1080.0,9-6-2022,14-34-38,33.0,depth_discrimination_stimuli/001650_2014-06-20_12-09-00_260595134347_rgbf000087-resize_3/001650_2014-06-20_12-09-00_260595134347_rgbf000087-resize_3-target.png,depth_discrimination_stimuli/000682_2014-06-08_23-14-58_260595134347_rgbf000041-resize_5/000682_2014-06-08_23-14-58_260595134347_rgbf000041-resize_5-target.png,250.0,1.9505,2.7239999999999998,1.0,1112.0,1006.0,248.0,1009.0,240.0,502.0,,539958,46,Man
32,997276.0,DepthScenes,v2_duration_discrimination,discrim_jsons/Discrim250_randls_56_rotated.json,http://54.235.29.9/FacialAge/BNav_EC2/DepthDuration/v2_depth_discrimination_MTurk/v2_DepthDiscrim_HTML.html#448,448.0,1920.0,929.0,1920.0,1080.0,9-6-2022,14-34-38,34.0,depth_discrimination_stimuli/001136_2014-06-17_15-19-41_260595134347_rgbf000076-resize_3/001136_2014-06-17_15-19-41_260595134347_rgbf000076-resize_3-target.png,depth_discrimination_stimuli/001164_2014-06-17_15-35-46_260595134347_rgbf000085-resize_3/001164_2014-06-17_15-35-46_260595134347_rgbf000085-resize_3-target.png,250.0,1.8655,2.354,1.0,1120.0,1009.0,251.0,1003.0,252.0,487.0,,539958,46,Man
33,997276.0,DepthScenes,v2_duration_discrimination,discrim_jsons/Discrim250_randls_56_rotated.json,http://54.235.29.9/FacialAge/BNav_EC2/DepthDuration/v2_depth_discrimination_MTurk/v2_DepthDiscrim_HTML.html#448,448.0,1920.0,929.0,1920.0,1080.0,9-6-2022,14-34-38,35.0,depth_discrimination_stimuli/000635_2014-06-08_16-38-42_260595134347_rgbf000106-resize_1/000635_2014-06-08_16-38-42_260595134347_rgbf000106-resize_1-target.png,depth_discrimination_stimuli/002279_2014-06-28_18-55-32_260595134347_rgbf000040-resize_5/002279_2014-06-28_18-55-32_260595134347_rgbf000040-resize_5-target.png,250.0,2.074,1.5043333333333,3.0,1068.0,1003.0,250.0,1007.0,251.0,500.0,,539958,46,Man
34,997276.0,DepthScenes,v2_duration_discrimination,discrim_jsons/Discrim250_randls_56_rotated.json,http://54.235.29.9/FacialAge/BNav_EC2/DepthDuration/v2_depth_discrimination_MTurk/v2_DepthDiscrim_HTML.html#448,448.0,1920.0,929.0,1920.0,1080.0,9-6-2022,14-34-38,36.0,depth_discrimination_stimuli/001540_2014-06-20_17-01-05_260595134347_rgbf000086-resize_2/001540_2014-06-20_17-01-05_260595134347_rgbf000086-resize_2-target.png,depth_discrimination_stimuli/001540_2014-06-20_17-01-05_260595134347_rgbf000086-resize_2/001540_2014-06-20_17-01-05_260595134347_rgbf000086-resize_2-target.png,250.0,1.459,1.459,0.0,1090.0,1005.0,249.0,1006.0,249.0,502.0,,539958,46,Man
35,997276.0,DepthScenes,v2_duration_discrimination,discrim_jsons/Discrim250_randls_56_rotated.json,http://54.235.29.9/FacialAge/BNav_EC2/DepthDuration/v2_depth_discrimination_MTurk/v2_DepthDiscrim_HTML.html#448,448.0,1920.0,929.0,1920.0,1080.0,9-6-2022,14-34-38,37.0,depth_discrimination_stimuli/000866_2014-06-09_20-45-42_260595134347_rgbf000139-resize_1/000866_2014-06-09_20-45-42_260595134347_rgbf000139-resize_1-target.png,depth_discrimination_stimuli/002989_2014-06-15_12-25-03_094959634447_rgbf000150-resize_3/002989_2014-06-15_12-25-03_094959634447_rgbf000150-resize_3-target.png,250.0,3.2155,4.1975,0.0,1177.0,1012.0,250.0,993.0,253.0,500.0,,539958,46,Man
36,997276.0,DepthScenes,v2_duration_discrimination,discrim_jsons/Discrim250_randls_56_rotated.json,http://54.235.29.9/FacialAge/BNav_EC2/DepthDuration/v2_depth_discrimination_MTurk/v2_DepthDiscrim_HTML.html#448,448.0,1920.0,929.0,1920.0,1080.0,9-6-2022,14-34-38,38.0,depth_discrimination_stimuli/000943_2014-06-09_19-31-07_260595134347_rgbf000128-resize_1/000943_2014-06-09_19-31-07_260595134347_rgbf000128-resize_1-target.png,depth_discrimination_stimuli/003070_2014-06-15_14-58-27_094959634447_rgbf000150-resize_3/003070_2014-06-15_14-58-27_094959634447_rgbf000150-resize_3-target.png,250.0,1.9765,2.9415,0.0,1132.0,1006.0,252.0,993.0,255.0,508.0,,539958,46,Man
37,997276.0,DepthScenes,v2_duration_discrimination,discrim_jsons/Discrim250_randls_56_rotated.json,http://54.235.29.9/FacialAge/BNav_EC2/DepthDuration/v2_depth_discrimination_MTurk/v2_DepthDiscrim_HTML.html#448,448.0,1920.0,929.0,1920.0,1080.0,9-6-2022,14-34-38,39.0,depth_discrimination_stimuli/002875_2014-06-01_15-19-00_094959634447_rgbf000151-resize_1/002875_2014-06-01_15-19-00_094959634447_rgbf000151-resize_1-target.png,depth_discrimination_stimuli/001011_2014-06-08_23-18-54_260595134347_rgbf000044-resize_4/001011_2014-06-08_23-18-54_260595134347_rgbf000044-resize_4-target.png,250.0,1.9675,2.4730000000000003,1.0,1342.0,1011.0,251.0,995.0,249.0,499.0,,539958,46,Man
38,997276.0,DepthScenes,v2_duration_discrimination,discrim_jsons/Discrim250_randls_56_rotated.json,http://54.235.29.9/FacialAge/BNav_EC2/DepthDuration/v2_depth_discrimination_MTurk/v2_DepthDiscrim_HTML.html#448,448.0,1920.0,929.0,1920.0,1080.0,9-6-2022,14-34-38,40.0,depth_discrimination_stimuli/002995_2014-06-15_12-31-26_094959634447_rgbf000150-resize_1/002995_2014-06-15_12-31-26_094959634447_rgbf000150-resize_1-target.png,depth_discrimination_stimuli/002748_2014-06-22_19-07-22_094959634447_rgbf000078-resize_1/002748_2014-06-22_19-07-22_094959634447_rgbf000078-resize_1-target.png,250.0,3.8360000000000003,4.6705,1.0,1269.0,1012.0,250.0,987.0,262.0,501.0,,539958,46,Man
39,997276.0,DepthScenes,v2_duration_discrimination,discrim_jsons/Discrim250_randls_56_rotated.json,http://54.235.29.9/FacialAge/BNav_EC2/DepthDuration/v2_depth_discrimination_MTurk/v2_DepthDiscrim_HTML.html#448,448.0,1920.0,929.0,1920.0,1080.0,9-6-2022,14-34-38,41.0,depth_discrimination_stimuli/002750_2014-06-22_19-08-03_094959634447_rgbf000094-resize_4/002750_2014-06-22_19-08-03_094959634447_rgbf000094-resize_4-target.png,depth_discrimination_stimuli/002549_2014-06-24_13-41-39_094959634447_rgbf000022-resize_3/002549_2014-06-24_13-41-39_094959634447_rgbf000022-resize_3-target.png,250.0,2.354,1.476,0.0,1067.0,1006.0,250.0,997.0,250.0,511.0,,539958,46,Man
40,997276.0,DepthScenes,v2_duration_discrimination,discrim_jsons/Discrim250_randls_56_rotated.json,http://54.235.29.9/FacialAge/BNav_EC2/DepthDuration/v2_depth_discrimination_MTurk/v2_DepthDiscrim_HTML.html#448,448.0,1920.0,929.0,1920.0,1080.0,9-6-2022,14-34-38,42.0,depth_discrimination_stimuli/002199_2014-06-28_18-33-56_260595134347_rgbf000074-resize_0/002199_2014-06-28_18-33-56_260595134347_rgbf000074-resize_0-target.png,depth_discrimination_stimuli/001056_2014-06-08_18-46-44_260595134347_rgbf000068-resize_0/001056_2014-06-08_18-46-44_260595134347_rgbf000068-resize_0-target.png,250.0,1.996,2.6625,1.0,1080.0,1008.0,250.0,998.0,250.0,501.0,,539958,46,Man
41,997276.0,DepthScenes,v2_duration_discrimination,discrim_jsons/Discrim250_randls_56_rotated.json,http://54.235.29.9/FacialAge/BNav_EC2/DepthDuration/v2_depth_discrimination_MTurk/v2_DepthDiscrim_HTML.html#448,448.0,1920.0,929.0,1920.0,1080.0,9-6-2022,14-34-38,43.0,depth_discrimination_stimuli/001617_2014-06-20_11-35-32_260595134347_rgbf000066-resize_1/001617_2014-06-20_11-35-32_260595134347_rgbf000066-resize_1-target.png,depth_discrimination_stimuli/001806_2014-06-26_20-50-20_260595134347_rgbf000091-resize_1/001806_2014-06-26_20-50-20_260595134347_rgbf000091-resize_1-target.png,250.0,3.7910000000000004,2.7305,0.0,1299.0,1014.0,249.0,990.0,251.0,497.0,,539958,46,Man
42,997276.0,DepthScenes,v2_duration_discrimination,discrim_jsons/Discrim250_randls_56_rotated.json,http://54.235.29.9/FacialAge/BNav_EC2/DepthDuration/v2_depth_discrimination_MTurk/v2_DepthDiscrim_HTML.html#448,448.0,1920.0,929.0,1920.0,1080.0,9-6-2022,14-34-38,44.0,depth_discrimination_stimuli/002758_2014-06-22_19-11-20_094959634447_rgbf000128-resize_1/002758_2014-06-22_19-11-20_094959634447_rgbf000128-resize_1-target.png,depth_discrimination_stimuli/002630_2014-06-24_14-47-50_094959634447_rgbf000055-resize_1/002630_2014-06-24_14-47-50_094959634447_rgbf000055-resize_1-target.png,250.0,2.555,3.0095,0.0,1198.0,1006.0,251.0,1009.0,236.0,505.0,,539958,46,Man
43,997276.0,DepthScenes,v2_duration_discrimination,discrim_jsons/Discrim250_randls_56_rotated.json,http://54.235.29.9/FacialAge/BNav_EC2/DepthDuration/v2_depth_discrimination_MTurk/v2_DepthDiscrim_HTML.html#448,448.0,1920.0,929.0,1920.0,1080.0,9-6-2022,14-34-38,45.0,depth_discrimination_stimuli/000502_2014-06-08_23-02-32_260595134347_rgbf000063-resize_4/000502_2014-06-08_23-02-32_260595134347_rgbf000063-resize_4-target.png,depth_discrimination_stimuli/001199_2014-06-17_16-03-48_260595134347_rgbf000077-resize_0/001199_2014-06-17_16-03-48_260595134347_rgbf000077-resize_0-target.png,250.0,2.431,3.4375,0.0,1112.0,1015.0,251.0,990.0,252.0,505.0,,539958,46,Man
44,997276.0,DepthScenes,v2_duration_discrimination,discrim_jsons/Discrim250_randls_56_rotated.json,http://54.235.29.9/FacialAge/BNav_EC2/DepthDuration/v2_depth_discrimination_MTurk/v2_DepthDiscrim_HTML.html#448,448.0,1920.0,929.0,1920.0,1080.0,9-6-2022,14-34-38,46.0,depth_discrimination_stimuli/000709_2014-06-08_13-51-55_260595134347_rgbf000068-resize_3/000709_2014-06-08_13-51-55_260595134347_rgbf000068-resize_3-target.png,depth_discrimination_stimuli/002057_2014-06-24_21-00-13_260595134347_rgbf000120-resize_1/002057_2014-06-24_21-00-13_260595134347_rgbf000120-resize_1-target.png,250.0,1.8030000000000002,2.967,0.0,1216.0,1016.0,249.0,991.0,247.0,506.0,,539958,46,Man
45,997276.0,DepthScenes,v2_duration_discrimination,discrim_jsons/Discrim250_randls_56_rotated.json,http://54.235.29.9/FacialAge/BNav_EC2/DepthDuration/v2_depth_discrimination_MTurk/v2_DepthDiscrim_HTML.html#448,448.0,1920.0,929.0,1920.0,1080.0,9-6-2022,14-34-38,47.0,depth_discrimination_stimuli/001132_2014-06-17_14-48-54_260595134347_rgbf000100-resize_2/001132_2014-06-17_14-48-54_260595134347_rgbf000100-resize_2-target.png,depth_discrimination_stimuli/001133_2014-06-17_14-49-16_260595134347_rgbf000100-resize_0/001133_2014-06-17_14-49-16_260595134347_rgbf000100-resize_0-target.png,250.0,3.753,4.2115,0.0,1602.0,1011.0,251.0,1000.0,249.0,500.0,,539958,46,Man
46,997276.0,DepthScenes,v2_duration_discrimination,discrim_jsons/Discrim250_randls_56_rotated.json,http://54.235.29.9/FacialAge/BNav_EC2/DepthDuration/v2_depth_discrimination_MTurk/v2_DepthDiscrim_HTML.html#448,448.0,1920.0,929.0,1920.0,1080.0,9-6-2022,14-34-38,48.0,depth_discrimination_stimuli/001235_2014-06-17_16-37-36_260595134347_rgbf000084-resize_4/001235_2014-06-17_16-37-36_260595134347_rgbf000084-resize_4-target.png,depth_discrimination_stimuli/000788_2014-06-08_22-34-36_260595134347_rgbf000131-resize_1/000788_2014-06-08_22-34-36_260595134347_rgbf000131-resize_1-target.png,250.0,3.6605,3.359,1.0,1187.0,1007.0,252.0,994.0,253.0,506.0,,539958,46,Man
47,997276.0,DepthScenes,v2_duration_discrimination,discrim_jsons/Discrim250_randls_56_rotated.json,http://54.235.29.9/FacialAge/BNav_EC2/DepthDuration/v2_depth_discrimination_MTurk/v2_DepthDiscrim_HTML.html#448,448.0,1920.0,929.0,1920.0,1080.0,9-6-2022,14-34-38,49.0,depth_discrimination_stimuli/003083_2014-06-15_15-21-03_094959634447_rgbf000063-resize_1/003083_2014-06-15_15-21-03_094959634447_rgbf000063-resize_1-target.png,depth_discrimination_stimuli/000486_2014-06-09_20-47-20_260595134347_rgbf000143-resize_2/000486_2014-06-09_20-47-20_260595134347_rgbf000143-resize_2-target.png,250.0,4.1405,4.8325,0.0,1581.0,1008.0,250.0,1001.0,250.0,505.0,,539958,46,Man
48,997276.0,DepthScenes,v2_duration_discrimination,discrim_jsons/Discrim250_randls_56_rotated.json,http://54.235.29.9/FacialAge/BNav_EC2/DepthDuration/v2_depth_discrimination_MTurk/v2_DepthDiscrim_HTML.html#448,448.0,1920.0,929.0,1920.0,1080.0,9-6-2022,14-34-38,50.0,depth_discrimination_stimuli/001516_2014-06-20_16-25-09_260595134347_rgbf000076-resize_2/001516_2014-06-20_16-25-09_260595134347_rgbf000076-resize_2-target.png,depth_discrimination_stimuli/002118_2014-06-25_20-32-08_260595134347_rgbf000078-resize_1/002118_2014-06-25_20-32-08_260595134347_rgbf000078-resize_1-target.png,250.0,1.7445,2.6460000000000004,1.0,1059.0,1005.0,252.0,1004.0,250.0,490.0,,539958,46,Man
49,997276.0,DepthScenes,v2_duration_discrimination,discrim_jsons/Discrim250_randls_56_rotated.json,http://54.235.29.9/FacialAge/BNav_EC2/DepthDuration/v2_depth_discrimination_MTurk/v2_DepthDiscrim_HTML.html#448,448.0,1920.0,929.0,1920.0,1080.0,9-6-2022,14-34-38,51.0,depth_discrimination_stimuli/002425_2014-06-28_20-27-29_260595134347_rgbf000031-resize_8/002425_2014-06-28_20-27-29_260595134347_rgbf000031-resize_8-target.png,depth_discrimination_stimuli/000642_2014-06-08_16-59-25_260595134347_rgbf000098-resize_2/000642_2014-06-08_16-59-25_260595134347_rgbf000098-resize_2-target.png,250.0,3.8960000000000004,2.8815,0.0,2172.0,1005.0,251.0,1002.0,250.0,502.0,,539958,46,Man
50,997276.0,DepthScenes,v2_duration_discrimination,discrim_jsons/Discrim250_randls_56_rotated.json,http://54.235.29.9/FacialAge/BNav_EC2/DepthDuration/v2_depth_discrimination_MTurk/v2_DepthDiscrim_HTML.html#448,448.0,1920.0,929.0,1920.0,1080.0,9-6-2022,14-34-38,52.0,depth_discrimination_stimuli/000483_2014-06-09_20-41-45_260595134347_rgbf000116-resize_4/000483_2014-06-09_20-41-45_260595134347_rgbf000116-resize_4-target.png,depth_discrimination_stimuli/000469_2014-06-09_19-42-10_260595134347_rgbf000081-resize_1/000469_2014-06-09_19-42-10_260595134347_rgbf000081-resize_1-target.png,250.0,1.337,1.652,3.0,1093.0,1001.0,250.0,1000.0,250.0,514.0,,539958,46,Man
51,997276.0,DepthScenes,v2_duration_discrimination,discrim_jsons/Discrim250_randls_56_rotated.json,http://54.235.29.9/FacialAge/BNav_EC2/DepthDuration/v2_depth_discrimination_MTurk/v2_DepthDiscrim_HTML.html#448,448.0,1920.0,929.0,1920.0,1080.0,9-6-2022,14-34-38,53.0,depth_discrimination_stimuli/001222_2014-06-17_16-24-06_260595134347_rgbf000073-resize_0/001222_2014-06-17_16-24-06_260595134347_rgbf000073-resize_0-target.png,depth_discrimination_stimuli/001222_2014-06-17_16-24-06_260595134347_rgbf000073-resize_0/001222_2014-06-17_16-24-06_260595134347_rgbf000073-resize_0-target.png,250.0,1.4385,1.4385,0.0,1105.0,1003.0,251.0,1009.0,247.0,500.0,,539958,46,Man
52,997276.0,DepthScenes,v2_duration_discrimination,discrim_jsons/Discrim250_randls_56_rotated.json,http://54.235.29.9/FacialAge/BNav_EC2/DepthDuration/v2_depth_discrimination_MTurk/v2_DepthDiscrim_HTML.html#448,448.0,1920.0,929.0,1920.0,1080.0,9-6-2022,14-34-38,54.0,depth_discrimination_stimuli/000691_2014-06-08_13-08-50_260595134347_rgbf000132-resize_3/000691_2014-06-08_13-08-50_260595134347_rgbf000132-resize_3-target.png,depth_discrimination_stimuli/002213_2014-06-28_18-37-58_260595134347_rgbf000055-resize_1/002213_2014-06-28_18-37-58_260595134347_rgbf000055-resize_1-target.png,250.0,4.1530000000000005,3.62,1.0,1168.0,1011.0,249.0,996.0,251.0,502.0,,539958,46,Man
53,997276.0,DepthScenes,v2_duration_discrimination,discrim_jsons/Discrim250_randls_56_rotated.json,http://54.235.29.9/FacialAge/BNav_EC2/DepthDuration/v2_depth_discrimination_MTurk/v2_DepthDiscrim_HTML.html#448,448.0,1920.0,929.0,1920.0,1080.0,9-6-2022,14-34-38,55.0,depth_discrimination_stimuli/002657_2014-06-13_15-29-54_094959634447_rgbf000150-resize_1/002657_2014-06-13_15-29-54_094959634447_rgbf000150-resize_1-target.png,depth_discrimination_stimuli/002375_2014-06-28_20-13-44_260595134347_rgbf000032-resize_1/002375_2014-06-28_20-13-44_260595134347_rgbf000032-resize_1-target.png,250.0,4.919,4.0175,1.0,1105.0,1004.0,249.0,1010.0,249.0,503.0,,539958,46,Man
54,997276.0,DepthScenes,v2_duration_discrimination,discrim_jsons/Discrim250_randls_56_rotated.json,http://54.235.29.9/FacialAge/BNav_EC2/DepthDuration/v2_depth_discrimination_MTurk/v2_DepthDiscrim_HTML.html#448,448.0,1920.0,929.0,1920.0,1080.0,9-6-2022,14-34-38,56.0,depth_discrimination_stimuli/000927_2014-06-09_16-32-30_260595134347_rgbf000123-resize_3/000927_2014-06-09_16-32-30_260595134347_rgbf000123-resize_3-target.png,depth_discrimination_stimuli/001110_2014-06-15_17-25-28_260595134347_rgbf000150-resize_1/001110_2014-06-15_17-25-28_260595134347_rgbf000150-resize_1-target.png,250.0,2.6785,1.7115,0.0,1325.0,1012.0,248.0,998.0,249.0,499.0,,539958,46,Man
55,997276.0,DepthScenes,v2_duration_discrimination,discrim_jsons/Discrim250_randls_56_rotated.json,http://54.235.29.9/FacialAge/BNav_EC2/DepthDuration/v2_depth_discrimination_MTurk/v2_DepthDiscrim_HTML.html#448,448.0,1920.0,929.0,1920.0,1080.0,9-6-2022,14-34-38,57.0,depth_discrimination_stimuli/001447_2014-06-19_17-00-32_260595134347_rgbf000082-resize_5/001447_2014-06-19_17-00-32_260595134347_rgbf000082-resize_5-target.png,depth_discrimination_stimuli/000447_2014-06-08_16-15-46_260595134347_rgbf000130-resize_1/000447_2014-06-08_16-15-46_260595134347_rgbf000130-resize_1-target.png,250.0,4.13775,4.479,0.0,1139.0,1015.0,250.0,988.0,256.0,497.0,,539958,46,Man
56,997276.0,DepthScenes,v2_duration_discrimination,discrim_jsons/Discrim250_randls_56_rotated.json,http://54.235.29.9/FacialAge/BNav_EC2/DepthDuration/v2_depth_discrimination_MTurk/v2_DepthDiscrim_HTML.html#448,448.0,1920.0,929.0,1920.0,1080.0,9-6-2022,14-34-38,58.0,depth_discrimination_stimuli/000854_2014-06-09_19-43-13_260595134347_rgbf000066-resize_0/000854_2014-06-09_19-43-13_260595134347_rgbf000066-resize_0-target.png,depth_discrimination_stimuli/000758_2014-06-08_22-05-08_260595134347_rgbf000085-resize_0/000758_2014-06-08_22-05-08_260595134347_rgbf000085-resize_0-target.png,250.0,3.068,3.3810000000000002,1.0,1647.0,1012.0,238.0,1006.0,248.0,501.0,,539958,46,Man
57,997276.0,DepthScenes,v2_duration_discrimination,discrim_jsons/Discrim250_randls_56_rotated.json,http://54.235.29.9/FacialAge/BNav_EC2/DepthDuration/v2_depth_discrimination_MTurk/v2_DepthDiscrim_HTML.html#448,448.0,1920.0,929.0,1920.0,1080.0,9-6-2022,14-34-38,59.0,depth_discrimination_stimuli/000780_2014-06-08_22-28-29_260595134347_rgbf000126-resize_1/000780_2014-06-08_22-28-29_260595134347_rgbf000126-resize_1-target.png,depth_discrimination_stimuli/002445_2014-06-28_20-32-16_260595134347_rgbf000029-resize_4/002445_2014-06-28_20-32-16_260595134347_rgbf000029-resize_4-target.png,250.0,3.3825,2.5315,1.0,1704.0,1015.0,249.0,990.0,252.0,506.0,,539958,46,Man
58,997276.0,DepthScenes,v2_duration_discrimination,discrim_jsons/Discrim250_randls_56_rotated.json,http://54.235.29.9/FacialAge/BNav_EC2/DepthDuration/v2_depth_discrimination_MTurk/v2_DepthDiscrim_HTML.html#448,448.0,1920.0,929.0,1920.0,1080.0,9-6-2022,14-34-38,60.0,depth_discrimination_stimuli/001032_2014-06-08_13-23-17_260595134347_rgbf000021-resize_3/001032_2014-06-08_13-23-17_260595134347_rgbf000021-resize_3-target.png,depth_discrimination_stimuli/001059_2014-06-08_21-53-27_260595134347_rgbf000061-resize_4/001059_2014-06-08_21-53-27_260595134347_rgbf000061-resize_4-target.png,250.0,3.2725,2.4185,1.0,2303.0,1010.0,249.0,998.0,251.0,505.0,,539958,46,Man
59,997276.0,DepthScenes,v2_duration_discrimination,discrim_jsons/Discrim250_randls_56_rotated.json,http://54.235.29.9/FacialAge/BNav_EC2/DepthDuration/v2_depth_discrimination_MTurk/v2_DepthDiscrim_HTML.html#448,448.0,1920.0,929.0,1920.0,1080.0,9-6-2022,14-34-38,61.0,depth_discrimination_stimuli/003587_2014-05-23_16-48-02_094959634447_rgbf002384-resize_2/003587_2014-05-23_16-48-02_094959634447_rgbf002384-resize_2-target.png,depth_discrimination_stimuli/001167_2014-06-17_15-38-07_260595134347_rgbf000108-resize_0/001167_2014-06-17_15-38-07_260595134347_rgbf000108-resize_0-target.png,250.0,1.357,1.8505,1.0,1180.0,1015.0,250.0,986.0,250.0,501.0,,539958,46,Man
60,997276.0,DepthScenes,v2_duration_discrimination,discrim_jsons/Discrim250_randls_56_rotated.json,http://54.235.29.9/FacialAge/BNav_EC2/DepthDuration/v2_depth_discrimination_MTurk/v2_DepthDiscrim_HTML.html#448,448.0,1920.0,929.0,1920.0,1080.0,9-6-2022,14-34-38,62.0,depth_discrimination_stimuli/000457_2014-06-08_16-52-43_260595134347_rgbf000199-resize_1/000457_2014-06-08_16-52-43_260595134347_rgbf000199-resize_1-target.png,depth_discrimination_stimuli/000929_2014-06-09_16-33-19_260595134347_rgbf000139-resize_0/000929_2014-06-09_16-33-19_260595134347_rgbf000139-resize_0-target.png,250.0,3.6489999999999996,2.8680000000000003,0.0,1397.0,1006.0,253.0,992.0,265.0,500.0,,539958,46,Man
61,997276.0,DepthScenes,v2_duration_discrimination,discrim_jsons/Discrim250_randls_56_rotated.json,http://54.235.29.9/FacialAge/BNav_EC2/DepthDuration/v2_depth_discrimination_MTurk/v2_DepthDiscrim_HTML.html#448,448.0,1920.0,929.0,1920.0,1080.0,9-6-2022,14-34-38,63.0,depth_discrimination_stimuli/002660_2014-06-13_15-44-18_094959634447_rgbf001878-resize_2/002660_2014-06-13_15-44-18_094959634447_rgbf001878-resize_2-target.png,depth_discrimination_stimuli/002153_2014-06-25_21-27-18_260595134347_rgbf000038-resize_5/002153_2014-06-25_21-27-18_260595134347_rgbf000038-resize_5-target.png,250.0,3.576,2.505,3.0,2018.0,1009.0,253.0,991.0,251.0,502.0,,539958,46,Man
62,997276.0,DepthScenes,v2_duration_discrimination,discrim_jsons/Discrim250_randls_56_rotated.json,http://54.235.29.9/FacialAge/BNav_EC2/DepthDuration/v2_depth_discrimination_MTurk/v2_DepthDiscrim_HTML.html#448,448.0,1920.0,929.0,1920.0,1080.0,9-6-2022,14-34-38,64.0,depth_discrimination_stimuli/000787_2014-06-08_22-33-53_260595134347_rgbf000175-resize_1/000787_2014-06-08_22-33-53_260595134347_rgbf000175-resize_1-target.png,depth_discrimination_stimuli/000787_2014-06-08_22-33-53_260595134347_rgbf000175-resize_1/000787_2014-06-08_22-33-53_260595134347_rgbf000175-resize_1-target.png,250.0,4.784,4.784,0.0,1164.0,1010.0,249.0,1001.0,251.0,502.0,,539958,46,Man
63,997276.0,DepthScenes,v2_duration_discrimination,discrim_jsons/Discrim250_randls_56_rotated.json,http://54.235.29.9/FacialAge/BNav_EC2/DepthDuration/v2_depth_discrimination_MTurk/v2_DepthDiscrim_HTML.html#448,448.0,1920.0,929.0,1920.0,1080.0,9-6-2022,14-34-38,65.0,depth_discrimination_stimuli/002953_2014-06-08_17-32-18_094959634447_rgbf000059-resize_5/002953_2014-06-08_17-32-18_094959634447_rgbf000059-resize_5-target.png,depth_discrimination_stimuli/000878_2014-06-08_22-52-45_260595134347_rgbf000045-resize_2/000878_2014-06-08_22-52-45_260595134347_rgbf000045-resize_2-target.png,250.0,1.551,2.092,1.0,1120.0,1007.0,250.0,1007.0,249.0,490.0,,539958,46,Man
64,997276.0,DepthScenes,v2_duration_discrimination,discrim_jsons/Discrim250_randls_56_rotated.json,http://54.235.29.9/FacialAge/BNav_EC2/DepthDuration/v2_depth_discrimination_MTurk/v2_DepthDiscrim_HTML.html#448,448.0,1920.0,929.0,1920.0,1080.0,9-6-2022,14-34-38,66.0,depth_discrimination_stimuli/003423_2014-05-21_10-23-26_094959634447_rgbf002665-resize_2/003423_2014-05-21_10-23-26_094959634447_rgbf002665-resize_2-target.png,depth_discrimination_stimuli/002905_2014-06-03_18-04-43_094959634447_rgbf000151-resize_2/002905_2014-06-03_18-04-43_094959634447_rgbf000151-resize_2-target.png,250.0,3.2575,2.0295,1.0,1145.0,1010.0,251.0,995.0,251.0,504.0,,539958,46,Man
65,997276.0,DepthScenes,v2_duration_discrimination,discrim_jsons/Discrim250_randls_56_rotated.json,http://54.235.29.9/FacialAge/BNav_EC2/DepthDuration/v2_depth_discrimination_MTurk/v2_DepthDiscrim_HTML.html#448,448.0,1920.0,929.0,1920.0,1080.0,9-6-2022,14-34-38,67.0,depth_discrimination_stimuli/000191_2014-05-12_17-07-38_260595134347_rgbf000199-resize_0/000191_2014-05-12_17-07-38_260595134347_rgbf000199-resize_0-target.png,depth_discrimination_stimuli/000493_2014-06-09_21-01-18_260595134347_rgbf000196-resize_3/000493_2014-06-09_21-01-18_260595134347_rgbf000196-resize_3-target.png,250.0,3.7995,3.44,1.0,1269.0,1012.0,252.0,994.0,249.0,504.0,,539958,46,Man
66,997276.0,DepthScenes,v2_duration_discrimination,discrim_jsons/Discrim250_randls_56_rotated.json,http://54.235.29.9/FacialAge/BNav_EC2/DepthDuration/v2_depth_discrimination_MTurk/v2_DepthDiscrim_HTML.html#448,448.0,1920.0,929.0,1920.0,1080.0,9-6-2022,14-34-38,68.0,depth_discrimination_stimuli/001571_2014-06-20_17-21-32_260595134347_rgbf000089-resize_1/001571_2014-06-20_17-21-32_260595134347_rgbf000089-resize_1-target.png,depth_discrimination_stimuli/002272_2014-06-28_18-53-56_260595134347_rgbf000067-resize_2/002272_2014-06-28_18-53-56_260595134347_rgbf000067-resize_2-target.png,250.0,1.86,1.138,0.0,1147.0,1006.0,250.0,996.0,253.0,500.0,,539958,46,Man
67,997276.0,DepthScenes,v2_duration_discrimination,discrim_jsons/Discrim250_randls_56_rotated.json,http://54.235.29.9/FacialAge/BNav_EC2/DepthDuration/v2_depth_discrimination_MTurk/v2_DepthDiscrim_HTML.html#448,448.0,1920.0,929.0,1920.0,1080.0,9-6-2022,14-34-38,69.0,depth_discrimination_stimuli/002568_2014-06-24_13-59-21_094959634447_rgbf000062-resize_4/002568_2014-06-24_13-59-21_094959634447_rgbf000062-resize_4-target.png,depth_discrimination_stimuli/003492_2014-05-21_15-50-55_094959634447_rgbf000828-resize_1/003492_2014-05-21_15-50-55_094959634447_rgbf000828-resize_1-target.png,250.0,3.015,4.06875,0.0,1227.0,1005.0,250.0,1006.0,250.0,490.0,,539958,46,Man
68,997276.0,DepthScenes,v2_duration_discrimination,discrim_jsons/Discrim250_randls_56_rotated.json,http://54.235.29.9/FacialAge/BNav_EC2/DepthDuration/v2_depth_discrimination_MTurk/v2_DepthDiscrim_HTML.html#448,448.0,1920.0,929.0,1920.0,1080.0,9-6-2022,14-34-38,70.0,depth_discrimination_stimuli/000549_2014-06-08_22-10-24_260595134347_rgbf000247-resize_3/000549_2014-06-08_22-10-24_260595134347_rgbf000247-resize_3-target.png,depth_discrimination_stimuli/001055_2014-06-08_18-45-35_260595134347_rgbf000111-resize_4/001055_2014-06-08_18-45-35_260595134347_rgbf000111-resize_4-target.png,250.0,1.841,2.4290000000000003,0.0,2082.0,1004.0,252.0,998.0,249.0,503.0,,539958,46,Man
69,997276.0,DepthScenes,v2_duration_discrimination,discrim_jsons/Discrim250_randls_56_rotated.json,http://54.235.29.9/FacialAge/BNav_EC2/DepthDuration/v2_depth_discrimination_MTurk/v2_DepthDiscrim_HTML.html#448,448.0,1920.0,929.0,1920.0,1080.0,9-6-2022,14-34-38,71.0,depth_discrimination_stimuli/002323_2014-06-28_20-01-54_260595134347_rgbf000051-resize_4/002323_2014-06-28_20-01-54_260595134347_rgbf000051-resize_4-target.png,depth_discrimination_stimuli/000917_2014-06-09_22-45-29_260595134347_rgbf000149-resize_3/000917_2014-06-09_22-45-29_260595134347_rgbf000149-resize_3-target.png,250.0,3.7310000000000003,4.1865,3.0,1807.0,1015.0,250.0,991.0,254.0,505.0,,539958,46,Man
70,997276.0,DepthScenes,v2_duration_discrimination,discrim_jsons/Discrim250_randls_56_rotated.json,http://54.235.29.9/FacialAge/BNav_EC2/DepthDuration/v2_depth_discrimination_MTurk/v2_DepthDiscrim_HTML.html#448,448.0,1920.0,929.0,1920.0,1080.0,9-6-2022,14-34-38,72.0,depth_discrimination_stimuli/000375_2014-06-08_11-17-29_260595134347_rgbf000133-resize_2/000375_2014-06-08_11-17-29_260595134347_rgbf000133-resize_2-target.png,depth_discrimination_stimuli/000375_2014-06-08_11-17-29_260595134347_rgbf000133-resize_2/000375_2014-06-08_11-17-29_260595134347_rgbf000133-resize_2-target.png,250.0,4.718,4.718,1.0,2152.0,1014.0,249.0,992.0,251.0,502.0,,539958,46,Man
71,997276.0,DepthScenes,v2_duration_discrimination,discrim_jsons/Discrim250_randls_56_rotated.json,http://54.235.29.9/FacialAge/BNav_EC2/DepthDuration/v2_depth_discrimination_MTurk/v2_DepthDiscrim_HTML.html#448,448.0,1920.0,929.0,1920.0,1080.0,9-6-2022,14-34-38,73.0,depth_discrimination_stimuli/001828_2014-06-26_21-40-03_260595134347_rgbf000024-resize_0/001828_2014-06-26_21-40-03_260595134347_rgbf000024-resize_0-target.png,depth_discrimination_stimuli/000009_2014-05-26_14-32-05_260595134347_rgbf000034-resize_3/000009_2014-05-26_14-32-05_260595134347_rgbf000034-resize_3-target.png,250.0,4.8260000000000005,3.8715,0.0,2075.0,1014.0,252.0,987.0,248.0,514.0,,539958,46,Man
72,997276.0,DepthScenes,v2_duration_discrimination,discrim_jsons/Discrim250_randls_56_rotated.json,http://54.235.29.9/FacialAge/BNav_EC2/DepthDuration/v2_depth_discrimination_MTurk/v2_DepthDiscrim_HTML.html#448,448.0,1920.0,929.0,1920.0,1080.0,9-6-2022,14-34-38,74.0,depth_discrimination_stimuli/001100_2014-06-15_17-46-26_260595134347_rgbf000225-resize_2/001100_2014-06-15_17-46-26_260595134347_rgbf000225-resize_2-target.png,depth_discrimination_stimuli/002784_2014-06-22_19-26-30_094959634447_rgbf000083-resize_3/002784_2014-06-22_19-26-30_094959634447_rgbf000083-resize_3-target.png,250.0,2.24,1.8046666666667,0.0,1259.0,1014.0,250.0,989.0,249.0,501.0,,539958,46,Man
73,997276.0,DepthScenes,v2_duration_discrimination,discrim_jsons/Discrim250_randls_56_rotated.json,http://54.235.29.9/FacialAge/BNav_EC2/DepthDuration/v2_depth_discrimination_MTurk/v2_DepthDiscrim_HTML.html#448,448.0,1920.0,929.0,1920.0,1080.0,9-6-2022,14-34-38,75.0,depth_discrimination_stimuli/002103_2014-06-25_20-00-40_260595134347_rgbf000049-resize_0/002103_2014-06-25_20-00-40_260595134347_rgbf000049-resize_0-target.png,depth_discrimination_stimuli/002039_2014-06-24_20-22-38_260595134347_rgbf000084-resize_1/002039_2014-06-24_20-22-38_260595134347_rgbf000084-resize_1-target.png,250.0,4.105,4.408,1.0,2751.0,1015.0,251.0,992.0,255.0,490.0,,539958,46,Man
74,997276.0,DepthScenes,v2_duration_discrimination,discrim_jsons/Discrim250_randls_56_rotated.json,http://54.235.29.9/FacialAge/BNav_EC2/DepthDuration/v2_depth_discrimination_MTurk/v2_DepthDiscrim_HTML.html#448,448.0,1920.0,929.0,1920.0,1080.0,9-6-2022,14-34-38,76.0,depth_discrimination_stimuli/002639_2014-06-24_14-51-37_094959634447_rgbf000074-resize_4/002639_2014-06-24_14-51-37_094959634447_rgbf000074-resize_4-target.png,depth_discrimination_stimuli/003292_2014-05-14_21-53-49_094959634447_rgbf000100-resize_2/003292_2014-05-14_21-53-49_094959634447_rgbf000100-resize_2-target.png,250.0,4.0375,3.4815,1.0,2020.0,1013.0,249.0,989.0,253.0,499.0,,539958,46,Man
75,997276.0,DepthScenes,v2_duration_discrimination,discrim_jsons/Discrim250_randls_56_rotated.json,http://54.235.29.9/FacialAge/BNav_EC2/DepthDuration/v2_depth_discrimination_MTurk/v2_DepthDiscrim_HTML.html#448,448.0,1920.0,929.0,1920.0,1080.0,9-6-2022,14-34-38,77.0,depth_discrimination_stimuli/000109_2014-05-14_23-41-52_260595134347_rgbf000035-resize_9/000109_2014-05-14_23-41-52_260595134347_rgbf000035-resize_9-target.png,depth_discrimination_stimuli/000470_2014-06-09_19-42-40_260595134347_rgbf000094-resize_1/000470_2014-06-09_19-42-40_260595134347_rgbf000094-resize_1-target.png,250.0,1.3545,1.831,0.0,1335.0,1010.0,251.0,995.0,253.0,499.0,,539958,46,Man
76,997276.0,DepthScenes,v2_duration_discrimination,discrim_jsons/Discrim250_randls_56_rotated.json,http://54.235.29.9/FacialAge/BNav_EC2/DepthDuration/v2_depth_discrimination_MTurk/v2_DepthDiscrim_HTML.html#448,448.0,1920.0,929.0,1920.0,1080.0,9-6-2022,14-34-38,78.0,depth_discrimination_stimuli/001094_2014-06-15_17-36-00_260595134347_rgbf000205-resize_0/001094_2014-06-15_17-36-00_260595134347_rgbf000205-resize_0-target.png,depth_discrimination_stimuli/000692_2014-06-08_13-09-42_260595134347_rgbf000199-resize_2/000692_2014-06-08_13-09-42_260595134347_rgbf000199-resize_2-target.png,250.0,4.2175,3.661,0.0,1232.0,1014.0,238.0,1003.0,250.0,498.0,,539958,46,Man
77,997276.0,DepthScenes,v2_duration_discrimination,discrim_jsons/Discrim250_randls_56_rotated.json,http://54.235.29.9/FacialAge/BNav_EC2/DepthDuration/v2_depth_discrimination_MTurk/v2_DepthDiscrim_HTML.html#448,448.0,1920.0,929.0,1920.0,1080.0,9-6-2022,14-34-38,79.0,depth_discrimination_stimuli/000556_2014-06-09_22-42-56_260595134347_rgbf000214-resize_1/000556_2014-06-09_22-42-56_260595134347_rgbf000214-resize_1-target.png,depth_discrimination_stimuli/001158_2014-06-17_15-32-16_260595134347_rgbf000138-resize_2/001158_2014-06-17_15-32-16_260595134347_rgbf000138-resize_2-target.png,250.0,4.8415,4.5315,1.0,1344.0,1006.0,253.0,1005.0,237.0,504.0,,539958,46,Man
78,997276.0,DepthScenes,v2_duration_discrimination,discrim_jsons/Discrim250_randls_56_rotated.json,http://54.235.29.9/FacialAge/BNav_EC2/DepthDuration/v2_depth_discrimination_MTurk/v2_DepthDiscrim_HTML.html#448,448.0,1920.0,929.0,1920.0,1080.0,9-6-2022,14-34-38,80.0,depth_discrimination_stimuli/003010_2014-06-15_12-54-35_094959634447_rgbf000112-resize_0/003010_2014-06-15_12-54-35_094959634447_rgbf000112-resize_0-target.png,depth_discrimination_stimuli/001810_2014-06-26_20-51-35_260595134347_rgbf000040-resize_3/001810_2014-06-26_20-51-35_260595134347_rgbf000040-resize_3-target.png,250.0,3.1185,2.2525,3.0,1457.0,1013.0,249.0,1001.0,250.0,500.0,,539958,46,Man
79,997276.0,DepthScenes,v2_duration_discrimination,discrim_jsons/Discrim250_randls_56_rotated.json,http://54.235.29.9/FacialAge/BNav_EC2/DepthDuration/v2_depth_discrimination_MTurk/v2_DepthDiscrim_HTML.html#448,448.0,1920.0,929.0,1920.0,1080.0,9-6-2022,14-34-38,81.0,depth_discrimination_stimuli/000569_2014-06-09_22-51-47_260595134347_rgbf000141-resize_3/000569_2014-06-09_22-51-47_260595134347_rgbf000141-resize_3-target.png,depth_discrimination_stimuli/000569_2014-06-09_22-51-47_260595134347_rgbf000141-resize_3/000569_2014-06-09_22-51-47_260595134347_rgbf000141-resize_3-target.png,250.0,4.512,4.512,1.0,1199.0,1006.0,250.0,1000.0,249.0,499.0,,539958,46,Man
80,997276.0,DepthScenes,v2_duration_discrimination,discrim_jsons/Discrim250_randls_56_rotated.json,http://54.235.29.9/FacialAge/BNav_EC2/DepthDuration/v2_depth_discrimination_MTurk/v2_DepthDiscrim_HTML.html#448,448.0,1920.0,929.0,1920.0,1080.0,9-6-2022,14-34-38,82.0,depth_discrimination_stimuli/002136_2014-06-25_21-18-03_260595134347_rgbf000109-resize_3/002136_2014-06-25_21-18-03_260595134347_rgbf000109-resize_3-target.png,depth_discrimination_stimuli/002964_2014-06-08_17-46-11_094959634447_rgbf000091-resize_4/002964_2014-06-08_17-46-11_094959634447_rgbf000091-resize_4-target.png,250.0,1.9569999999999999,1.6909999999999998,1.0,1252.0,1016.0,248.0,988.0,263.0,500.0,,539958,46,Man
81,997276.0,DepthScenes,v2_duration_discrimination,discrim_jsons/Discrim250_randls_56_rotated.json,http://54.235.29.9/FacialAge/BNav_EC2/DepthDuration/v2_depth_discrimination_MTurk/v2_DepthDiscrim_HTML.html#448,448.0,1920.0,929.0,1920.0,1080.0,9-6-2022,14-34-38,83.0,depth_discrimination_stimuli/002209_2014-06-28_18-36-10_260595134347_rgbf000051-resize_1/002209_2014-06-28_18-36-10_260595134347_rgbf000051-resize_1-target.png,depth_discrimination_stimuli/002763_2014-06-22_19-13-10_094959634447_rgbf000075-resize_4/002763_2014-06-22_19-13-10_094959634447_rgbf000075-resize_4-target.png,250.0,2.057,1.68375,1.0,1184.0,1016.0,238.0,1010.0,249.0,488.0,,539958,46,Man
82,997276.0,DepthScenes,v2_duration_discrimination,discrim_jsons/Discrim250_randls_56_rotated.json,http://54.235.29.9/FacialAge/BNav_EC2/DepthDuration/v2_depth_discrimination_MTurk/v2_DepthDiscrim_HTML.html#448,448.0,1920.0,929.0,1920.0,1080.0,9-6-2022,14-34-38,84.0,depth_discrimination_stimuli/000103_2014-05-14_22-01-17_260595134347_rgbf000152-resize_5/000103_2014-05-14_22-01-17_260595134347_rgbf000152-resize_5-target.png,depth_discrimination_stimuli/001555_2014-06-20_17-12-10_260595134347_rgbf000065-resize_4/001555_2014-06-20_17-12-10_260595134347_rgbf000065-resize_4-target.png,250.0,1.993,1.633,0.0,2380.0,1010.0,251.0,998.0,251.0,500.0,,539958,46,Man
83,997276.0,DepthScenes,v2_duration_discrimination,discrim_jsons/Discrim250_randls_56_rotated.json,http://54.235.29.9/FacialAge/BNav_EC2/DepthDuration/v2_depth_discrimination_MTurk/v2_DepthDiscrim_HTML.html#448,448.0,1920.0,929.0,1920.0,1080.0,9-6-2022,14-34-38,85.0,depth_discrimination_stimuli/000677_2014-06-08_23-10-32_260595134347_rgbf000158-resize_6/000677_2014-06-08_23-10-32_260595134347_rgbf000158-resize_6-target.png,depth_discrimination_stimuli/001029_2014-06-08_13-17-57_260595134347_rgbf000065-resize_1/001029_2014-06-08_13-17-57_260595134347_rgbf000065-resize_1-target.png,250.0,3.556,3.0835,0.0,1873.0,1008.0,249.0,998.0,250.0,505.0,,539958,46,Man
84,997276.0,DepthScenes,v2_duration_discrimination,discrim_jsons/Discrim250_randls_56_rotated.json,http://54.235.29.9/FacialAge/BNav_EC2/DepthDuration/v2_depth_discrimination_MTurk/v2_DepthDiscrim_HTML.html#448,448.0,1920.0,929.0,1920.0,1080.0,9-6-2022,14-34-38,86.0,depth_discrimination_stimuli/003129_2014-05-12_10-48-10_094959634447_rgbf000100-resize_0/003129_2014-05-12_10-48-10_094959634447_rgbf000100-resize_0-target.png,depth_discrimination_stimuli/000414_2014-06-04_19-49-13_260595134347_rgbf000044-resize_0/000414_2014-06-04_19-49-13_260595134347_rgbf000044-resize_0-target.png,250.0,4.9305,4.329,1.0,1095.0,1004.0,250.0,1003.0,249.0,502.0,,539958,46,Man
85,997276.0,DepthScenes,v2_duration_discrimination,discrim_jsons/Discrim250_randls_56_rotated.json,http://54.235.29.9/FacialAge/BNav_EC2/DepthDuration/v2_depth_discrimination_MTurk/v2_DepthDiscrim_HTML.html#448,448.0,1920.0,929.0,1920.0,1080.0,9-6-2022,14-34-38,86.0,,,,,,,1095.0,1004.0,250.0,1003.0,249.0,502.0,,539958,46,Man
86,,,,,,,,,,,,,,,,,,,,,,,,,,,539958,46,Man
