,subjID,experimentName,versionName,sequenceName,url,selected_row,windowWidth,windowHeight,screenWidth,screenHeight,startDate,startTime,trial,stimulus,duration,actual_depth,depth_estimate,trial_RT,log_sceneDuration,unitSelection,seq_filepath,experimentTime,totalTime,age,gender
0,526603,DepthScenes,duration_manipulation_targetAtFixation,jsons/v1_VE1000_randls_2_rotated.json,http://54.235.29.9/FacialAge/BNav_EC2/DepthDuration/v2_depth_duration_MTurk/v2_DepthDuration_HTML.html#187,187,1366,768,1366,768,8-30-2022,13-32-3,1,depth_duration_stimuli/002209_2014-06-28_18-36-10_260595134347_rgbf000051-resize_1/002209_2014-06-28_18-36-10_260595134347_rgbf000051-resize_1-target.png,1000,2.057,6,4521,999,feet,jsons/v1_VE1000_randls_2_rotated.json,1264650,1381041,25,Man
1,526603,DepthScenes,duration_manipulation_targetAtFixation,jsons/v1_VE1000_randls_2_rotated.json,http://54.235.29.9/FacialAge/BNav_EC2/DepthDuration/v2_depth_duration_MTurk/v2_DepthDuration_HTML.html#187,187,1366,768,1366,768,8-30-2022,13-32-3,2,depth_duration_stimuli/002763_2014-06-22_19-13-10_094959634447_rgbf000075-resize_4/002763_2014-06-22_19-13-10_094959634447_rgbf000075-resize_4-target.png,1000,1.68375,8,4021,999,feet,jsons/v1_VE1000_randls_2_rotated.json,1264650,1381041,25,Man
2,526603,DepthScenes,duration_manipulation_targetAtFixation,jsons/v1_VE1000_randls_2_rotated.json,http://54.235.29.9/FacialAge/BNav_EC2/DepthDuration/v2_depth_duration_MTurk/v2_DepthDuration_HTML.html#187,187,1366,768,1366,768,8-30-2022,13-32-3,3,depth_duration_stimuli/000780_2014-06-08_22-28-29_260595134347_rgbf000126-resize_1/000780_2014-06-08_22-28-29_260595134347_rgbf000126-resize_1-target.png,1000,3.3825,3,5007,999,feet,jsons/v1_VE1000_randls_2_rotated.json,1264650,1381041,25,Man
3,526603,DepthScenes,duration_manipulation_targetAtFixation,jsons/v1_VE1000_randls_2_rotated.json,http://54.235.29.9/FacialAge/BNav_EC2/DepthDuration/v2_depth_duration_MTurk/v2_DepthDuration_HTML.html#187,187,1366,768,1366,768,8-30-2022,13-32-3,4,depth_duration_stimuli/002445_2014-06-28_20-32-16_260595134347_rgbf000029-resize_4/002445_2014-06-28_20-32-16_260595134347_rgbf000029-resize_4-target.png,1000,2.5315,4,4013,1000,feet,jsons/v1_VE1000_randls_2_rotated.json,1264650,1381041,25,Man
4,526603,DepthScenes,duration_manipulation_targetAtFixation,jsons/v1_VE1000_randls_2_rotated.json,http://54.235.29.9/FacialAge/BNav_EC2/DepthDuration/v2_depth_duration_MTurk/v2_DepthDuration_HTML.html#187,187,1366,768,1366,768,8-30-2022,13-32-3,5,depth_duration_stimuli/002805_2014-06-22_19-54-03_094959634447_rgbf000079-resize_1/002805_2014-06-22_19-54-03_094959634447_rgbf000079-resize_1-target.png,1000,3.1439999999999997,6,6538,999,feet,jsons/v1_VE1000_randls_2_rotated.json,1264650,1381041,25,Man
5,526603,DepthScenes,duration_manipulation_targetAtFixation,jsons/v1_VE1000_randls_2_rotated.json,http://54.235.29.9/FacialAge/BNav_EC2/DepthDuration/v2_depth_duration_MTurk/v2_DepthDuration_HTML.html#187,187,1366,768,1366,768,8-30-2022,13-32-3,6,depth_duration_stimuli/000906_2014-06-08_13-35-43_260595134347_rgbf000155-resize_1/000906_2014-06-08_13-35-43_260595134347_rgbf000155-resize_1-target.png,1000,2.8489999999999998,5,5785,1000,feet,jsons/v1_VE1000_randls_2_rotated.json,1264650,1381041,25,Man
6,526603,DepthScenes,duration_manipulation_targetAtFixation,jsons/v1_VE1000_randls_2_rotated.json,http://54.235.29.9/FacialAge/BNav_EC2/DepthDuration/v2_depth_duration_MTurk/v2_DepthDuration_HTML.html#187,187,1366,768,1366,768,8-30-2022,13-32-3,7,depth_duration_stimuli/000556_2014-06-09_22-42-56_260595134347_rgbf000214-resize_1/000556_2014-06-09_22-42-56_260595134347_rgbf000214-resize_1-target.png,1000,4.8415,5,12935,999,feet,jsons/v1_VE1000_randls_2_rotated.json,1264650,1381041,25,Man
7,526603,DepthScenes,duration_manipulation_targetAtFixation,jsons/v1_VE1000_randls_2_rotated.json,http://54.235.29.9/FacialAge/BNav_EC2/DepthDuration/v2_depth_duration_MTurk/v2_DepthDuration_HTML.html#187,187,1366,768,1366,768,8-30-2022,13-32-3,8,depth_duration_stimuli/001158_2014-06-17_15-32-16_260595134347_rgbf000138-resize_2/001158_2014-06-17_15-32-16_260595134347_rgbf000138-resize_2-target.png,1000,4.5315,3,4046,1001,feet,jsons/v1_VE1000_randls_2_rotated.json,1264650,1381041,25,Man
8,526603,DepthScenes,duration_manipulation_targetAtFixation,jsons/v1_VE1000_randls_2_rotated.json,http://54.235.29.9/FacialAge/BNav_EC2/DepthDuration/v2_depth_duration_MTurk/v2_DepthDuration_HTML.html#187,187,1366,768,1366,768,8-30-2022,13-32-3,9,depth_duration_stimuli/002444_2014-06-28_20-32-08_260595134347_rgbf000027-resize_0/002444_2014-06-28_20-32-08_260595134347_rgbf000027-resize_0-target.png,1000,4.388999999999999,4,5207,999,feet,jsons/v1_VE1000_randls_2_rotated.json,1264650,1381041,25,Man
9,526603,DepthScenes,duration_manipulation_targetAtFixation,jsons/v1_VE1000_randls_2_rotated.json,http://54.235.29.9/FacialAge/BNav_EC2/DepthDuration/v2_depth_duration_MTurk/v2_DepthDuration_HTML.html#187,187,1366,768,1366,768,8-30-2022,13-32-3,10,depth_duration_stimuli/000436_2014-06-09_22-25-11_260595134347_rgbf000137-resize_1/000436_2014-06-09_22-25-11_260595134347_rgbf000137-resize_1-target.png,1000,4.0705,3,5809,999,feet,jsons/v1_VE1000_randls_2_rotated.json,1264650,1381041,25,Man
10,526603,DepthScenes,duration_manipulation_targetAtFixation,jsons/v1_VE1000_randls_2_rotated.json,http://54.235.29.9/FacialAge/BNav_EC2/DepthDuration/v2_depth_duration_MTurk/v2_DepthDuration_HTML.html#187,187,1366,768,1366,768,8-30-2022,13-32-3,11,depth_duration_stimuli/002953_2014-06-08_17-32-18_094959634447_rgbf000059-resize_5/002953_2014-06-08_17-32-18_094959634447_rgbf000059-resize_5-target.png,1000,1.551,4,4833,999,feet,jsons/v1_VE1000_randls_2_rotated.json,1264650,1381041,25,Man
11,526603,DepthScenes,duration_manipulation_targetAtFixation,jsons/v1_VE1000_randls_2_rotated.json,http://54.235.29.9/FacialAge/BNav_EC2/DepthDuration/v2_depth_duration_MTurk/v2_DepthDuration_HTML.html#187,187,1366,768,1366,768,8-30-2022,13-32-3,12,depth_duration_stimuli/000878_2014-06-08_22-52-45_260595134347_rgbf000045-resize_2/000878_2014-06-08_22-52-45_260595134347_rgbf000045-resize_2-target.png,1000,2.092,6,5375,999,feet,jsons/v1_VE1000_randls_2_rotated.json,1264650,1381041,25,Man
12,526603,DepthScenes,duration_manipulation_targetAtFixation,jsons/v1_VE1000_randls_2_rotated.json,http://54.235.29.9/FacialAge/BNav_EC2/DepthDuration/v2_depth_duration_MTurk/v2_DepthDuration_HTML.html#187,187,1366,768,1366,768,8-30-2022,13-32-3,13,depth_duration_stimuli/001516_2014-06-20_16-25-09_260595134347_rgbf000076-resize_2/001516_2014-06-20_16-25-09_260595134347_rgbf000076-resize_2-target.png,1000,1.7445,4,3795,1000,feet,jsons/v1_VE1000_randls_2_rotated.json,1264650,1381041,25,Man
13,526603,DepthScenes,duration_manipulation_targetAtFixation,jsons/v1_VE1000_randls_2_rotated.json,http://54.235.29.9/FacialAge/BNav_EC2/DepthDuration/v2_depth_duration_MTurk/v2_DepthDuration_HTML.html#187,187,1366,768,1366,768,8-30-2022,13-32-3,14,depth_duration_stimuli/002118_2014-06-25_20-32-08_260595134347_rgbf000078-resize_1/002118_2014-06-25_20-32-08_260595134347_rgbf000078-resize_1-target.png,1000,2.6460000000000004,6,6180,1001,feet,jsons/v1_VE1000_randls_2_rotated.json,1264650,1381041,25,Man
14,526603,DepthScenes,duration_manipulation_targetAtFixation,jsons/v1_VE1000_randls_2_rotated.json,http://54.235.29.9/FacialAge/BNav_EC2/DepthDuration/v2_depth_duration_MTurk/v2_DepthDuration_HTML.html#187,187,1366,768,1366,768,8-30-2022,13-32-3,15,depth_duration_stimuli/003083_2014-06-15_15-21-03_094959634447_rgbf000063-resize_1/003083_2014-06-15_15-21-03_094959634447_rgbf000063-resize_1-target.png,1000,4.1405,4,4714,1001,feet,jsons/v1_VE1000_randls_2_rotated.json,1264650,1381041,25,Man
15,526603,DepthScenes,duration_manipulation_targetAtFixation,jsons/v1_VE1000_randls_2_rotated.json,http://54.235.29.9/FacialAge/BNav_EC2/DepthDuration/v2_depth_duration_MTurk/v2_DepthDuration_HTML.html#187,187,1366,768,1366,768,8-30-2022,13-32-3,16,depth_duration_stimuli/000486_2014-06-09_20-47-20_260595134347_rgbf000143-resize_2/000486_2014-06-09_20-47-20_260595134347_rgbf000143-resize_2-target.png,1000,4.8325,4,4434,999,feet,jsons/v1_VE1000_randls_2_rotated.json,1264650,1381041,25,Man
16,526603,DepthScenes,duration_manipulation_targetAtFixation,jsons/v1_VE1000_randls_2_rotated.json,http://54.235.29.9/FacialAge/BNav_EC2/DepthDuration/v2_depth_duration_MTurk/v2_DepthDuration_HTML.html#187,187,1366,768,1366,768,8-30-2022,13-32-3,17,depth_duration_stimuli/000691_2014-06-08_13-08-50_260595134347_rgbf000132-resize_3/000691_2014-06-08_13-08-50_260595134347_rgbf000132-resize_3-target.png,1000,4.1530000000000005,6,4347,999,feet,jsons/v1_VE1000_randls_2_rotated.json,1264650,1381041,25,Man
17,526603,DepthScenes,duration_manipulation_targetAtFixation,jsons/v1_VE1000_randls_2_rotated.json,http://54.235.29.9/FacialAge/BNav_EC2/DepthDuration/v2_depth_duration_MTurk/v2_DepthDuration_HTML.html#187,187,1366,768,1366,768,8-30-2022,13-32-3,18,depth_duration_stimuli/002213_2014-06-28_18-37-58_260595134347_rgbf000055-resize_1/002213_2014-06-28_18-37-58_260595134347_rgbf000055-resize_1-target.png,1000,3.62,4,4352,999,feet,jsons/v1_VE1000_randls_2_rotated.json,1264650,1381041,25,Man
18,526603,DepthScenes,duration_manipulation_targetAtFixation,jsons/v1_VE1000_randls_2_rotated.json,http://54.235.29.9/FacialAge/BNav_EC2/DepthDuration/v2_depth_duration_MTurk/v2_DepthDuration_HTML.html#187,187,1366,768,1366,768,8-30-2022,13-32-3,19,depth_duration_stimuli/001498_2014-06-19_17-45-14_260595134347_rgbf000129-resize_4/001498_2014-06-19_17-45-14_260595134347_rgbf000129-resize-original.jpg,1000,1.4075,0,3647,1000,feet,jsons/v1_VE1000_randls_2_rotated.json,1264650,1381041,25,Man
19,526603,DepthScenes,duration_manipulation_targetAtFixation,jsons/v1_VE1000_randls_2_rotated.json,http://54.235.29.9/FacialAge/BNav_EC2/DepthDuration/v2_depth_duration_MTurk/v2_DepthDuration_HTML.html#187,187,1366,768,1366,768,8-30-2022,13-32-3,20,depth_duration_stimuli/003129_2014-05-12_10-48-10_094959634447_rgbf000100-resize_0/003129_2014-05-12_10-48-10_094959634447_rgbf000100-resize_0-target.png,1000,4.9305,3,4083,999,feet,jsons/v1_VE1000_randls_2_rotated.json,1264650,1381041,25,Man
20,526603,DepthScenes,duration_manipulation_targetAtFixation,jsons/v1_VE1000_randls_2_rotated.json,http://54.235.29.9/FacialAge/BNav_EC2/DepthDuration/v2_depth_duration_MTurk/v2_DepthDuration_HTML.html#187,187,1366,768,1366,768,8-30-2022,13-32-3,21,depth_duration_stimuli/000414_2014-06-04_19-49-13_260595134347_rgbf000044-resize_0/000414_2014-06-04_19-49-13_260595134347_rgbf000044-resize_0-target.png,1000,4.329,4,3742,1000,feet,jsons/v1_VE1000_randls_2_rotated.json,1264650,1381041,25,Man
21,526603,DepthScenes,duration_manipulation_targetAtFixation,jsons/v1_VE1000_randls_2_rotated.json,http://54.235.29.9/FacialAge/BNav_EC2/DepthDuration/v2_depth_duration_MTurk/v2_DepthDuration_HTML.html#187,187,1366,768,1366,768,8-30-2022,13-32-3,22,depth_duration_stimuli/002103_2014-06-25_20-00-40_260595134347_rgbf000049-resize_0/002103_2014-06-25_20-00-40_260595134347_rgbf000049-resize_0-target.png,1000,4.105,6,3935,1000,feet,jsons/v1_VE1000_randls_2_rotated.json,1264650,1381041,25,Man
22,526603,DepthScenes,duration_manipulation_targetAtFixation,jsons/v1_VE1000_randls_2_rotated.json,http://54.235.29.9/FacialAge/BNav_EC2/DepthDuration/v2_depth_duration_MTurk/v2_DepthDuration_HTML.html#187,187,1366,768,1366,768,8-30-2022,13-32-3,23,depth_duration_stimuli/002039_2014-06-24_20-22-38_260595134347_rgbf000084-resize_1/002039_2014-06-24_20-22-38_260595134347_rgbf000084-resize_1-target.png,1000,4.408,4,4524,999,feet,jsons/v1_VE1000_randls_2_rotated.json,1264650,1381041,25,Man
23,526603,DepthScenes,duration_manipulation_targetAtFixation,jsons/v1_VE1000_randls_2_rotated.json,http://54.235.29.9/FacialAge/BNav_EC2/DepthDuration/v2_depth_duration_MTurk/v2_DepthDuration_HTML.html#187,187,1366,768,1366,768,8-30-2022,13-32-3,24,depth_duration_stimuli/002414_2014-06-28_20-24-58_260595134347_rgbf000067-resize_4/002414_2014-06-28_20-24-58_260595134347_rgbf000067-resize_4-target.png,1000,4.363,3,4105,1000,feet,jsons/v1_VE1000_randls_2_rotated.json,1264650,1381041,25,Man
24,526603,DepthScenes,duration_manipulation_targetAtFixation,jsons/v1_VE1000_randls_2_rotated.json,http://54.235.29.9/FacialAge/BNav_EC2/DepthDuration/v2_depth_duration_MTurk/v2_DepthDuration_HTML.html#187,187,1366,768,1366,768,8-30-2022,13-32-3,25,depth_duration_stimuli/000773_2014-06-08_22-24-54_260595134347_rgbf000093-resize_1/000773_2014-06-08_22-24-54_260595134347_rgbf000093-resize_1-target.png,1000,4.973,4,4553,999,feet,jsons/v1_VE1000_randls_2_rotated.json,1264650,1381041,25,Man
25,526603,DepthScenes,duration_manipulation_targetAtFixation,jsons/v1_VE1000_randls_2_rotated.json,http://54.235.29.9/FacialAge/BNav_EC2/DepthDuration/v2_depth_duration_MTurk/v2_DepthDuration_HTML.html#187,187,1366,768,1366,768,8-30-2022,13-32-3,26,depth_duration_stimuli/003010_2014-06-15_12-54-35_094959634447_rgbf000112-resize_0/003010_2014-06-15_12-54-35_094959634447_rgbf000112-resize_0-target.png,1000,3.1185,6,4295,1000,feet,jsons/v1_VE1000_randls_2_rotated.json,1264650,1381041,25,Man
26,526603,DepthScenes,duration_manipulation_targetAtFixation,jsons/v1_VE1000_randls_2_rotated.json,http://54.235.29.9/FacialAge/BNav_EC2/DepthDuration/v2_depth_duration_MTurk/v2_DepthDuration_HTML.html#187,187,1366,768,1366,768,8-30-2022,13-32-3,27,depth_duration_stimuli/001810_2014-06-26_20-51-35_260595134347_rgbf000040-resize_3/001810_2014-06-26_20-51-35_260595134347_rgbf000040-resize_3-target.png,1000,2.2525,4,4048,1000,feet,jsons/v1_VE1000_randls_2_rotated.json,1264650,1381041,25,Man
27,526603,DepthScenes,duration_manipulation_targetAtFixation,jsons/v1_VE1000_randls_2_rotated.json,http://54.235.29.9/FacialAge/BNav_EC2/DepthDuration/v2_depth_duration_MTurk/v2_DepthDuration_HTML.html#187,187,1366,768,1366,768,8-30-2022,13-32-3,28,depth_duration_stimuli/001100_2014-06-15_17-46-26_260595134347_rgbf000225-resize_2/001100_2014-06-15_17-46-26_260595134347_rgbf000225-resize_2-target.png,1000,2.24,3,4411,1000,feet,jsons/v1_VE1000_randls_2_rotated.json,1264650,1381041,25,Man
28,526603,DepthScenes,duration_manipulation_targetAtFixation,jsons/v1_VE1000_randls_2_rotated.json,http://54.235.29.9/FacialAge/BNav_EC2/DepthDuration/v2_depth_duration_MTurk/v2_DepthDuration_HTML.html#187,187,1366,768,1366,768,8-30-2022,13-32-3,29,depth_duration_stimuli/002784_2014-06-22_19-26-30_094959634447_rgbf000083-resize_3/002784_2014-06-22_19-26-30_094959634447_rgbf000083-resize_3-target.png,1000,1.8046666666667,4,3762,1000,feet,jsons/v1_VE1000_randls_2_rotated.json,1264650,1381041,25,Man
29,526603,DepthScenes,duration_manipulation_targetAtFixation,jsons/v1_VE1000_randls_2_rotated.json,http://54.235.29.9/FacialAge/BNav_EC2/DepthDuration/v2_depth_duration_MTurk/v2_DepthDuration_HTML.html#187,187,1366,625,1366,768,8-30-2022,13-32-3,30,depth_duration_stimuli/002072_2014-06-24_21-48-06_260595134347_rgbf000115-resize_0/002072_2014-06-24_21-48-06_260595134347_rgbf000115-resize-original.jpg,1000,4.702,0,27673,1000,feet,jsons/v1_VE1000_randls_2_rotated.json,1264650,1381041,25,Man
30,526603,DepthScenes,duration_manipulation_targetAtFixation,jsons/v1_VE1000_randls_2_rotated.json,http://54.235.29.9/FacialAge/BNav_EC2/DepthDuration/v2_depth_duration_MTurk/v2_DepthDuration_HTML.html#187,187,1366,625,1366,768,8-30-2022,13-32-3,31,depth_duration_stimuli/001392_2014-06-19_16-07-59_260595134347_rgbf000046-resize_1/001392_2014-06-19_16-07-59_260595134347_rgbf000046-resize_1-target.png,1000,4.135,6,4027,998,feet,jsons/v1_VE1000_randls_2_rotated.json,1264650,1381041,25,Man
31,526603,DepthScenes,duration_manipulation_targetAtFixation,jsons/v1_VE1000_randls_2_rotated.json,http://54.235.29.9/FacialAge/BNav_EC2/DepthDuration/v2_depth_duration_MTurk/v2_DepthDuration_HTML.html#187,187,1366,625,1366,768,8-30-2022,13-32-3,32,depth_duration_stimuli/001570_2014-06-20_17-21-09_260595134347_rgbf000135-resize_4/001570_2014-06-20_17-21-09_260595134347_rgbf000135-resize_4-target.png,1000,4.467,6,126571,1000,feet,jsons/v1_VE1000_randls_2_rotated.json,1264650,1381041,25,Man
32,526603,DepthScenes,duration_manipulation_targetAtFixation,jsons/v1_VE1000_randls_2_rotated.json,http://54.235.29.9/FacialAge/BNav_EC2/DepthDuration/v2_depth_duration_MTurk/v2_DepthDuration_HTML.html#187,187,1366,625,1366,768,8-30-2022,13-32-3,33,depth_duration_stimuli/001052_2014-06-08_18-24-54_260595134347_rgbf000130-resize_1/001052_2014-06-08_18-24-54_260595134347_rgbf000130-resize_1-target.png,1000,4.1045,4,4201,999,feet,jsons/v1_VE1000_randls_2_rotated.json,1264650,1381041,25,Man
33,526603,DepthScenes,duration_manipulation_targetAtFixation,jsons/v1_VE1000_randls_2_rotated.json,http://54.235.29.9/FacialAge/BNav_EC2/DepthDuration/v2_depth_duration_MTurk/v2_DepthDuration_HTML.html#187,187,1366,625,1366,768,8-30-2022,13-32-3,34,depth_duration_stimuli/002988_2014-06-15_12-24-20_094959634447_rgbf000150-resize_1/002988_2014-06-15_12-24-20_094959634447_rgbf000150-resize_1-target.png,1000,4.7669999999999995,3,5243,1001,feet,jsons/v1_VE1000_randls_2_rotated.json,1264650,1381041,25,Man
34,526603,DepthScenes,duration_manipulation_targetAtFixation,jsons/v1_VE1000_randls_2_rotated.json,http://54.235.29.9/FacialAge/BNav_EC2/DepthDuration/v2_depth_duration_MTurk/v2_DepthDuration_HTML.html#187,187,1366,625,1366,768,8-30-2022,13-32-3,35,depth_duration_stimuli/000665_2014-06-09_20-42-35_260595134347_rgbf000110-resize_1/000665_2014-06-09_20-42-35_260595134347_rgbf000110-resize_1-target.png,1000,3.057,5,25785,999,feet,jsons/v1_VE1000_randls_2_rotated.json,1264650,1381041,25,Man
35,526603,DepthScenes,duration_manipulation_targetAtFixation,jsons/v1_VE1000_randls_2_rotated.json,http://54.235.29.9/FacialAge/BNav_EC2/DepthDuration/v2_depth_duration_MTurk/v2_DepthDuration_HTML.html#187,187,1366,625,1366,768,8-30-2022,13-32-3,36,depth_duration_stimuli/001150_2014-06-17_15-27-34_260595134347_rgbf000108-resize_2/001150_2014-06-17_15-27-34_260595134347_rgbf000108-resize_2-target.png,1000,4.0325,4,4350,999,feet,jsons/v1_VE1000_randls_2_rotated.json,1264650,1381041,25,Man
36,526603,DepthScenes,duration_manipulation_targetAtFixation,jsons/v1_VE1000_randls_2_rotated.json,http://54.235.29.9/FacialAge/BNav_EC2/DepthDuration/v2_depth_duration_MTurk/v2_DepthDuration_HTML.html#187,187,1366,625,1366,768,8-30-2022,13-32-3,37,depth_duration_stimuli/000137_2014-05-20_17-04-49_260595134347_rgbf000120-resize_1/000137_2014-05-20_17-04-49_260595134347_rgbf000120-resize_1-target.png,1000,3.786,5,27162,999,feet,jsons/v1_VE1000_randls_2_rotated.json,1264650,1381041,25,Man
37,526603,DepthScenes,duration_manipulation_targetAtFixation,jsons/v1_VE1000_randls_2_rotated.json,http://54.235.29.9/FacialAge/BNav_EC2/DepthDuration/v2_depth_duration_MTurk/v2_DepthDuration_HTML.html#187,187,1366,625,1366,768,8-30-2022,13-32-3,38,depth_duration_stimuli/000736_2014-06-08_18-24-15_260595134347_rgbf000206-resize_3/000736_2014-06-08_18-24-15_260595134347_rgbf000206-resize_3-target.png,1000,3.515,5,4728,999,feet,jsons/v1_VE1000_randls_2_rotated.json,1264650,1381041,25,Man
38,526603,DepthScenes,duration_manipulation_targetAtFixation,jsons/v1_VE1000_randls_2_rotated.json,http://54.235.29.9/FacialAge/BNav_EC2/DepthDuration/v2_depth_duration_MTurk/v2_DepthDuration_HTML.html#187,187,1366,625,1366,768,8-30-2022,13-32-3,39,depth_duration_stimuli/001235_2014-06-17_16-37-36_260595134347_rgbf000084-resize_4/001235_2014-06-17_16-37-36_260595134347_rgbf000084-resize_4-target.png,1000,3.6605,6,7011,1000,feet,jsons/v1_VE1000_randls_2_rotated.json,1264650,1381041,25,Man
39,526603,DepthScenes,duration_manipulation_targetAtFixation,jsons/v1_VE1000_randls_2_rotated.json,http://54.235.29.9/FacialAge/BNav_EC2/DepthDuration/v2_depth_duration_MTurk/v2_DepthDuration_HTML.html#187,187,1366,625,1366,768,8-30-2022,13-32-3,40,depth_duration_stimuli/000788_2014-06-08_22-34-36_260595134347_rgbf000131-resize_1/000788_2014-06-08_22-34-36_260595134347_rgbf000131-resize_1-target.png,1000,3.359,4,5641,999,feet,jsons/v1_VE1000_randls_2_rotated.json,1264650,1381041,25,Man
40,526603,DepthScenes,duration_manipulation_targetAtFixation,jsons/v1_VE1000_randls_2_rotated.json,http://54.235.29.9/FacialAge/BNav_EC2/DepthDuration/v2_depth_duration_MTurk/v2_DepthDuration_HTML.html#187,187,1366,625,1366,768,8-30-2022,13-32-3,41,depth_duration_stimuli/002995_2014-06-15_12-31-26_094959634447_rgbf000150-resize_1/002995_2014-06-15_12-31-26_094959634447_rgbf000150-resize_1-target.png,1000,3.8360000000000003,4,10290,999,feet,jsons/v1_VE1000_randls_2_rotated.json,1264650,1381041,25,Man
41,526603,DepthScenes,duration_manipulation_targetAtFixation,jsons/v1_VE1000_randls_2_rotated.json,http://54.235.29.9/FacialAge/BNav_EC2/DepthDuration/v2_depth_duration_MTurk/v2_DepthDuration_HTML.html#187,187,1366,625,1366,768,8-30-2022,13-32-3,42,depth_duration_stimuli/002748_2014-06-22_19-07-22_094959634447_rgbf000078-resize_1/002748_2014-06-22_19-07-22_094959634447_rgbf000078-resize_1-target.png,1000,4.6705,5,4351,1001,feet,jsons/v1_VE1000_randls_2_rotated.json,1264650,1381041,25,Man
42,526603,DepthScenes,duration_manipulation_targetAtFixation,jsons/v1_VE1000_randls_2_rotated.json,http://54.235.29.9/FacialAge/BNav_EC2/DepthDuration/v2_depth_duration_MTurk/v2_DepthDuration_HTML.html#187,187,1366,625,1366,768,8-30-2022,13-32-3,43,depth_duration_stimuli/000854_2014-06-09_19-43-13_260595134347_rgbf000066-resize_0/000854_2014-06-09_19-43-13_260595134347_rgbf000066-resize_0-target.png,1000,3.068,6,4752,999,feet,jsons/v1_VE1000_randls_2_rotated.json,1264650,1381041,25,Man
43,526603,DepthScenes,duration_manipulation_targetAtFixation,jsons/v1_VE1000_randls_2_rotated.json,http://54.235.29.9/FacialAge/BNav_EC2/DepthDuration/v2_depth_duration_MTurk/v2_DepthDuration_HTML.html#187,187,1366,625,1366,768,8-30-2022,13-32-3,44,depth_duration_stimuli/000758_2014-06-08_22-05-08_260595134347_rgbf000085-resize_0/000758_2014-06-08_22-05-08_260595134347_rgbf000085-resize_0-target.png,1000,3.3810000000000002,6,3907,999,feet,jsons/v1_VE1000_randls_2_rotated.json,1264650,1381041,25,Man
44,526603,DepthScenes,duration_manipulation_targetAtFixation,jsons/v1_VE1000_randls_2_rotated.json,http://54.235.29.9/FacialAge/BNav_EC2/DepthDuration/v2_depth_duration_MTurk/v2_DepthDuration_HTML.html#187,187,1366,625,1366,768,8-30-2022,13-32-3,45,depth_duration_stimuli/001584_2014-06-20_11-07-43_260595134347_rgbf000002-resize_1/001584_2014-06-20_11-07-43_260595134347_rgbf000002-resize_1-target.png,1000,3.53,4,41145,1000,feet,jsons/v1_VE1000_randls_2_rotated.json,1264650,1381041,25,Man
45,526603,DepthScenes,duration_manipulation_targetAtFixation,jsons/v1_VE1000_randls_2_rotated.json,http://54.235.29.9/FacialAge/BNav_EC2/DepthDuration/v2_depth_duration_MTurk/v2_DepthDuration_HTML.html#187,187,1366,625,1366,768,8-30-2022,13-32-3,46,depth_duration_stimuli/003621_2014-05-23_18-06-08_094959634447_rgbf000101-resize_1/003621_2014-05-23_18-06-08_094959634447_rgbf000101-resize_1-target.png,1000,3.9835,3,23977,1000,feet,jsons/v1_VE1000_randls_2_rotated.json,1264650,1381041,25,Man
46,526603,DepthScenes,duration_manipulation_targetAtFixation,jsons/v1_VE1000_randls_2_rotated.json,http://54.235.29.9/FacialAge/BNav_EC2/DepthDuration/v2_depth_duration_MTurk/v2_DepthDuration_HTML.html#187,187,1366,625,1366,768,8-30-2022,13-32-3,47,depth_duration_stimuli/000409_2014-06-04_19-23-33_260595134347_rgbf000067-resize_0/000409_2014-06-04_19-23-33_260595134347_rgbf000067-resize_0-target.png,1000,3.7335,4,5099,1000,feet,jsons/v1_VE1000_randls_2_rotated.json,1264650,1381041,25,Man
47,526603,DepthScenes,duration_manipulation_targetAtFixation,jsons/v1_VE1000_randls_2_rotated.json,http://54.235.29.9/FacialAge/BNav_EC2/DepthDuration/v2_depth_duration_MTurk/v2_DepthDuration_HTML.html#187,187,1366,625,1366,768,8-30-2022,13-32-3,48,depth_duration_stimuli/002663_2014-06-13_15-50-26_094959634447_rgbf000075-resize_1/002663_2014-06-13_15-50-26_094959634447_rgbf000075-resize_1-target.png,1000,4.7495,4,4194,999,feet,jsons/v1_VE1000_randls_2_rotated.json,1264650,1381041,25,Man
48,526603,DepthScenes,duration_manipulation_targetAtFixation,jsons/v1_VE1000_randls_2_rotated.json,http://54.235.29.9/FacialAge/BNav_EC2/DepthDuration/v2_depth_duration_MTurk/v2_DepthDuration_HTML.html#187,187,1366,625,1366,768,8-30-2022,13-32-3,49,depth_duration_stimuli/001170_2014-06-17_15-43-44_260595134347_rgbf000096-resize_6/001170_2014-06-17_15-43-44_260595134347_rgbf000096-resize-original.jpg,1000,1.1909999999999998,0,4354,999,feet,jsons/v1_VE1000_randls_2_rotated.json,1264650,1381041,25,Man
49,526603,DepthScenes,duration_manipulation_targetAtFixation,jsons/v1_VE1000_randls_2_rotated.json,http://54.235.29.9/FacialAge/BNav_EC2/DepthDuration/v2_depth_duration_MTurk/v2_DepthDuration_HTML.html#187,187,1366,625,1366,768,8-30-2022,13-32-3,50,depth_duration_stimuli/003079_2014-06-15_15-18-20_094959634447_rgbf000152-resize_8/003079_2014-06-15_15-18-20_094959634447_rgbf000152-resize_8-target.png,1000,2.8775,6,3915,999,feet,jsons/v1_VE1000_randls_2_rotated.json,1264650,1381041,25,Man
50,526603,DepthScenes,duration_manipulation_targetAtFixation,jsons/v1_VE1000_randls_2_rotated.json,http://54.235.29.9/FacialAge/BNav_EC2/DepthDuration/v2_depth_duration_MTurk/v2_DepthDuration_HTML.html#187,187,1366,625,1366,768,8-30-2022,13-32-3,51,depth_duration_stimuli/000506_2014-06-08_23-21-00_260595134347_rgbf000070-resize_7/000506_2014-06-08_23-21-00_260595134347_rgbf000070-resize_7-target.png,1000,4.0585,5,4172,1000,feet,jsons/v1_VE1000_randls_2_rotated.json,1264650,1381041,25,Man
51,526603,DepthScenes,duration_manipulation_targetAtFixation,jsons/v1_VE1000_randls_2_rotated.json,http://54.235.29.9/FacialAge/BNav_EC2/DepthDuration/v2_depth_duration_MTurk/v2_DepthDuration_HTML.html#187,187,1366,625,1366,768,8-30-2022,13-32-3,52,depth_duration_stimuli/001617_2014-06-20_11-35-32_260595134347_rgbf000066-resize_1/001617_2014-06-20_11-35-32_260595134347_rgbf000066-resize_1-target.png,1000,3.7910000000000004,6,4671,999,feet,jsons/v1_VE1000_randls_2_rotated.json,1264650,1381041,25,Man
52,526603,DepthScenes,duration_manipulation_targetAtFixation,jsons/v1_VE1000_randls_2_rotated.json,http://54.235.29.9/FacialAge/BNav_EC2/DepthDuration/v2_depth_duration_MTurk/v2_DepthDuration_HTML.html#187,187,1366,625,1366,768,8-30-2022,13-32-3,53,depth_duration_stimuli/001806_2014-06-26_20-50-20_260595134347_rgbf000091-resize_1/001806_2014-06-26_20-50-20_260595134347_rgbf000091-resize_1-target.png,1000,2.7305,6,4203,999,feet,jsons/v1_VE1000_randls_2_rotated.json,1264650,1381041,25,Man
53,526603,DepthScenes,duration_manipulation_targetAtFixation,jsons/v1_VE1000_randls_2_rotated.json,http://54.235.29.9/FacialAge/BNav_EC2/DepthDuration/v2_depth_duration_MTurk/v2_DepthDuration_HTML.html#187,187,1366,625,1366,768,8-30-2022,13-32-3,54,depth_duration_stimuli/000709_2014-06-08_13-51-55_260595134347_rgbf000068-resize_3/000709_2014-06-08_13-51-55_260595134347_rgbf000068-resize_3-target.png,1000,1.8030000000000002,6,4098,999,feet,jsons/v1_VE1000_randls_2_rotated.json,1264650,1381041,25,Man
54,526603,DepthScenes,duration_manipulation_targetAtFixation,jsons/v1_VE1000_randls_2_rotated.json,http://54.235.29.9/FacialAge/BNav_EC2/DepthDuration/v2_depth_duration_MTurk/v2_DepthDuration_HTML.html#187,187,1366,625,1366,768,8-30-2022,13-32-3,55,depth_duration_stimuli/002057_2014-06-24_21-00-13_260595134347_rgbf000120-resize_1/002057_2014-06-24_21-00-13_260595134347_rgbf000120-resize_1-target.png,1000,2.967,6,4450,999,feet,jsons/v1_VE1000_randls_2_rotated.json,1264650,1381041,25,Man
55,526603,DepthScenes,duration_manipulation_targetAtFixation,jsons/v1_VE1000_randls_2_rotated.json,http://54.235.29.9/FacialAge/BNav_EC2/DepthDuration/v2_depth_duration_MTurk/v2_DepthDuration_HTML.html#187,187,1366,625,1366,768,8-30-2022,13-32-3,56,depth_duration_stimuli/001032_2014-06-08_13-23-17_260595134347_rgbf000021-resize_3/001032_2014-06-08_13-23-17_260595134347_rgbf000021-resize_3-target.png,1000,3.2725,6,5971,1000,feet,jsons/v1_VE1000_randls_2_rotated.json,1264650,1381041,25,Man
56,526603,DepthScenes,duration_manipulation_targetAtFixation,jsons/v1_VE1000_randls_2_rotated.json,http://54.235.29.9/FacialAge/BNav_EC2/DepthDuration/v2_depth_duration_MTurk/v2_DepthDuration_HTML.html#187,187,1366,625,1366,768,8-30-2022,13-32-3,57,depth_duration_stimuli/001059_2014-06-08_21-53-27_260595134347_rgbf000061-resize_4/001059_2014-06-08_21-53-27_260595134347_rgbf000061-resize_4-target.png,1000,2.4185,6,4615,999,feet,jsons/v1_VE1000_randls_2_rotated.json,1264650,1381041,25,Man
57,526603,DepthScenes,duration_manipulation_targetAtFixation,jsons/v1_VE1000_randls_2_rotated.json,http://54.235.29.9/FacialAge/BNav_EC2/DepthDuration/v2_depth_duration_MTurk/v2_DepthDuration_HTML.html#187,187,1366,625,1366,768,8-30-2022,13-32-3,58,depth_duration_stimuli/001094_2014-06-15_17-36-00_260595134347_rgbf000205-resize_0/001094_2014-06-15_17-36-00_260595134347_rgbf000205-resize_0-target.png,1000,4.2175,6,4669,999,feet,jsons/v1_VE1000_randls_2_rotated.json,1264650,1381041,25,Man
58,526603,DepthScenes,duration_manipulation_targetAtFixation,jsons/v1_VE1000_randls_2_rotated.json,http://54.235.29.9/FacialAge/BNav_EC2/DepthDuration/v2_depth_duration_MTurk/v2_DepthDuration_HTML.html#187,187,1366,625,1366,768,8-30-2022,13-32-3,59,depth_duration_stimuli/000692_2014-06-08_13-09-42_260595134347_rgbf000199-resize_2/000692_2014-06-08_13-09-42_260595134347_rgbf000199-resize_2-target.png,1000,3.661,4,4971,1000,feet,jsons/v1_VE1000_randls_2_rotated.json,1264650,1381041,25,Man
59,526603,DepthScenes,duration_manipulation_targetAtFixation,jsons/v1_VE1000_randls_2_rotated.json,http://54.235.29.9/FacialAge/BNav_EC2/DepthDuration/v2_depth_duration_MTurk/v2_DepthDuration_HTML.html#187,187,1366,625,1366,768,8-30-2022,13-32-3,60,depth_duration_stimuli/002344_2014-06-28_20-06-29_260595134347_rgbf000030-resize_1/002344_2014-06-28_20-06-29_260595134347_rgbf000030-resize_1-target.png,1000,1.5795,6,4153,1000,feet,jsons/v1_VE1000_randls_2_rotated.json,1264650,1381041,25,Man
60,526603,DepthScenes,duration_manipulation_targetAtFixation,jsons/v1_VE1000_randls_2_rotated.json,http://54.235.29.9/FacialAge/BNav_EC2/DepthDuration/v2_depth_duration_MTurk/v2_DepthDuration_HTML.html#187,187,1366,625,1366,768,8-30-2022,13-32-3,61,depth_duration_stimuli/002725_2014-06-22_11-47-51_094959634447_rgbf000070-resize_1/002725_2014-06-22_11-47-51_094959634447_rgbf000070-resize_1-target.png,1000,2.195,6,3930,1000,feet,jsons/v1_VE1000_randls_2_rotated.json,1264650,1381041,25,Man
61,526603,DepthScenes,duration_manipulation_targetAtFixation,jsons/v1_VE1000_randls_2_rotated.json,http://54.235.29.9/FacialAge/BNav_EC2/DepthDuration/v2_depth_duration_MTurk/v2_DepthDuration_HTML.html#187,187,1366,625,1366,768,8-30-2022,13-32-3,62,depth_duration_stimuli/000635_2014-06-08_16-38-42_260595134347_rgbf000106-resize_1/000635_2014-06-08_16-38-42_260595134347_rgbf000106-resize_1-target.png,1000,2.074,4,5353,999,feet,jsons/v1_VE1000_randls_2_rotated.json,1264650,1381041,25,Man
62,526603,DepthScenes,duration_manipulation_targetAtFixation,jsons/v1_VE1000_randls_2_rotated.json,http://54.235.29.9/FacialAge/BNav_EC2/DepthDuration/v2_depth_duration_MTurk/v2_DepthDuration_HTML.html#187,187,1366,625,1366,768,8-30-2022,13-32-3,63,depth_duration_stimuli/002279_2014-06-28_18-55-32_260595134347_rgbf000040-resize_5/002279_2014-06-28_18-55-32_260595134347_rgbf000040-resize_5-target.png,1000,1.5043333333333,6,4331,1001,feet,jsons/v1_VE1000_randls_2_rotated.json,1264650,1381041,25,Man
63,526603,DepthScenes,duration_manipulation_targetAtFixation,jsons/v1_VE1000_randls_2_rotated.json,http://54.235.29.9/FacialAge/BNav_EC2/DepthDuration/v2_depth_duration_MTurk/v2_DepthDuration_HTML.html#187,187,1366,625,1366,768,8-30-2022,13-32-3,64,depth_duration_stimuli/001828_2014-06-26_21-40-03_260595134347_rgbf000024-resize_0/001828_2014-06-26_21-40-03_260595134347_rgbf000024-resize_0-target.png,1000,4.8260000000000005,4,4009,998,feet,jsons/v1_VE1000_randls_2_rotated.json,1264650,1381041,25,Man
64,526603,DepthScenes,duration_manipulation_targetAtFixation,jsons/v1_VE1000_randls_2_rotated.json,http://54.235.29.9/FacialAge/BNav_EC2/DepthDuration/v2_depth_duration_MTurk/v2_DepthDuration_HTML.html#187,187,1366,625,1366,768,8-30-2022,13-32-3,65,depth_duration_stimuli/000009_2014-05-26_14-32-05_260595134347_rgbf000034-resize_3/000009_2014-05-26_14-32-05_260595134347_rgbf000034-resize_3-target.png,1000,3.8715,9,3971,1000,feet,jsons/v1_VE1000_randls_2_rotated.json,1264650,1381041,25,Man
65,526603,DepthScenes,duration_manipulation_targetAtFixation,jsons/v1_VE1000_randls_2_rotated.json,http://54.235.29.9/FacialAge/BNav_EC2/DepthDuration/v2_depth_duration_MTurk/v2_DepthDuration_HTML.html#187,187,1366,625,1366,768,8-30-2022,13-32-3,66,depth_duration_stimuli/001540_2014-06-20_17-01-05_260595134347_rgbf000086-resize_2/001540_2014-06-20_17-01-05_260595134347_rgbf000086-resize-original.jpg,1000,1.459,0,4128,999,feet,jsons/v1_VE1000_randls_2_rotated.json,1264650,1381041,25,Man
66,526603,DepthScenes,duration_manipulation_targetAtFixation,jsons/v1_VE1000_randls_2_rotated.json,http://54.235.29.9/FacialAge/BNav_EC2/DepthDuration/v2_depth_duration_MTurk/v2_DepthDuration_HTML.html#187,187,1366,625,1366,768,8-30-2022,13-32-3,67,depth_duration_stimuli/003228_2014-05-14_13-42-35_094959634447_rgbf000101-resize_1/003228_2014-05-14_13-42-35_094959634447_rgbf000101-resize_1-target.png,1000,1.9680000000000002,2,3875,1000,feet,jsons/v1_VE1000_randls_2_rotated.json,1264650,1381041,25,Man
67,526603,DepthScenes,duration_manipulation_targetAtFixation,jsons/v1_VE1000_randls_2_rotated.json,http://54.235.29.9/FacialAge/BNav_EC2/DepthDuration/v2_depth_duration_MTurk/v2_DepthDuration_HTML.html#187,187,1366,625,1366,768,8-30-2022,13-32-3,68,depth_duration_stimuli/002600_2014-06-24_14-27-04_094959634447_rgbf000074-resize_2/002600_2014-06-24_14-27-04_094959634447_rgbf000074-resize_2-target.png,1000,2.7575,4,4810,1000,feet,jsons/v1_VE1000_randls_2_rotated.json,1264650,1381041,25,Man
68,526603,DepthScenes,duration_manipulation_targetAtFixation,jsons/v1_VE1000_randls_2_rotated.json,http://54.235.29.9/FacialAge/BNav_EC2/DepthDuration/v2_depth_duration_MTurk/v2_DepthDuration_HTML.html#187,187,1366,625,1366,768,8-30-2022,13-32-3,69,depth_duration_stimuli/003490_2014-05-21_15-50-11_094959634447_rgbf000101-resize_3/003490_2014-05-21_15-50-11_094959634447_rgbf000101-resize_3-target.png,1000,3.6445,6,3793,999,feet,jsons/v1_VE1000_randls_2_rotated.json,1264650,1381041,25,Man
69,526603,DepthScenes,duration_manipulation_targetAtFixation,jsons/v1_VE1000_randls_2_rotated.json,http://54.235.29.9/FacialAge/BNav_EC2/DepthDuration/v2_depth_duration_MTurk/v2_DepthDuration_HTML.html#187,187,1366,625,1366,768,8-30-2022,13-32-3,70,depth_duration_stimuli/001175_2014-06-17_15-45-55_260595134347_rgbf000129-resize_4/001175_2014-06-17_15-45-55_260595134347_rgbf000129-resize_4-target.png,1000,4.255,6,3866,999,feet,jsons/v1_VE1000_randls_2_rotated.json,1264650,1381041,25,Man
70,526603,DepthScenes,duration_manipulation_targetAtFixation,jsons/v1_VE1000_randls_2_rotated.json,http://54.235.29.9/FacialAge/BNav_EC2/DepthDuration/v2_depth_duration_MTurk/v2_DepthDuration_HTML.html#187,187,1366,625,1366,768,8-30-2022,13-32-3,71,depth_duration_stimuli/000749_2014-06-08_21-55-06_260595134347_rgbf000070-resize_2/000749_2014-06-08_21-55-06_260595134347_rgbf000070-resize_2-target.png,1000,2.331,4,3930,999,feet,jsons/v1_VE1000_randls_2_rotated.json,1264650,1381041,25,Man
71,526603,DepthScenes,duration_manipulation_targetAtFixation,jsons/v1_VE1000_randls_2_rotated.json,http://54.235.29.9/FacialAge/BNav_EC2/DepthDuration/v2_depth_duration_MTurk/v2_DepthDuration_HTML.html#187,187,1366,625,1366,768,8-30-2022,13-32-3,72,depth_duration_stimuli/002788_2014-06-22_19-36-03_094959634447_rgbf000088-resize_2/002788_2014-06-22_19-36-03_094959634447_rgbf000088-resize_2-target.png,1000,1.6465,6,4076,1000,feet,jsons/v1_VE1000_randls_2_rotated.json,1264650,1381041,25,Man
72,526603,DepthScenes,duration_manipulation_targetAtFixation,jsons/v1_VE1000_randls_2_rotated.json,http://54.235.29.9/FacialAge/BNav_EC2/DepthDuration/v2_depth_duration_MTurk/v2_DepthDuration_HTML.html#187,187,1366,625,1366,768,8-30-2022,13-32-3,73,depth_duration_stimuli/002199_2014-06-28_18-33-56_260595134347_rgbf000074-resize_0/002199_2014-06-28_18-33-56_260595134347_rgbf000074-resize_0-target.png,1000,1.996,4,4338,1000,feet,jsons/v1_VE1000_randls_2_rotated.json,1264650,1381041,25,Man
73,526603,DepthScenes,duration_manipulation_targetAtFixation,jsons/v1_VE1000_randls_2_rotated.json,http://54.235.29.9/FacialAge/BNav_EC2/DepthDuration/v2_depth_duration_MTurk/v2_DepthDuration_HTML.html#187,187,1366,625,1366,768,8-30-2022,13-32-3,74,depth_duration_stimuli/001056_2014-06-08_18-46-44_260595134347_rgbf000068-resize_0/001056_2014-06-08_18-46-44_260595134347_rgbf000068-resize_0-target.png,1000,2.6625,6,4194,1000,feet,jsons/v1_VE1000_randls_2_rotated.json,1264650,1381041,25,Man
74,526603,DepthScenes,duration_manipulation_targetAtFixation,jsons/v1_VE1000_randls_2_rotated.json,http://54.235.29.9/FacialAge/BNav_EC2/DepthDuration/v2_depth_duration_MTurk/v2_DepthDuration_HTML.html#187,187,1366,625,1366,768,8-30-2022,13-32-3,75,depth_duration_stimuli/001571_2014-06-20_17-21-32_260595134347_rgbf000089-resize_1/001571_2014-06-20_17-21-32_260595134347_rgbf000089-resize_1-target.png,1000,1.86,4,4030,1000,feet,jsons/v1_VE1000_randls_2_rotated.json,1264650,1381041,25,Man
75,526603,DepthScenes,duration_manipulation_targetAtFixation,jsons/v1_VE1000_randls_2_rotated.json,http://54.235.29.9/FacialAge/BNav_EC2/DepthDuration/v2_depth_duration_MTurk/v2_DepthDuration_HTML.html#187,187,1366,625,1366,768,8-30-2022,13-32-3,76,depth_duration_stimuli/002272_2014-06-28_18-53-56_260595134347_rgbf000067-resize_2/002272_2014-06-28_18-53-56_260595134347_rgbf000067-resize_2-target.png,1000,1.138,6,4390,999,feet,jsons/v1_VE1000_randls_2_rotated.json,1264650,1381041,25,Man
76,526603,DepthScenes,duration_manipulation_targetAtFixation,jsons/v1_VE1000_randls_2_rotated.json,http://54.235.29.9/FacialAge/BNav_EC2/DepthDuration/v2_depth_duration_MTurk/v2_DepthDuration_HTML.html#187,187,1366,625,1366,768,8-30-2022,13-32-3,77,depth_duration_stimuli/003587_2014-05-23_16-48-02_094959634447_rgbf002384-resize_2/003587_2014-05-23_16-48-02_094959634447_rgbf002384-resize_2-target.png,1000,1.357,6,3853,1000,feet,jsons/v1_VE1000_randls_2_rotated.json,1264650,1381041,25,Man
77,526603,DepthScenes,duration_manipulation_targetAtFixation,jsons/v1_VE1000_randls_2_rotated.json,http://54.235.29.9/FacialAge/BNav_EC2/DepthDuration/v2_depth_duration_MTurk/v2_DepthDuration_HTML.html#187,187,1366,625,1366,768,8-30-2022,13-32-3,78,depth_duration_stimuli/001167_2014-06-17_15-38-07_260595134347_rgbf000108-resize_0/001167_2014-06-17_15-38-07_260595134347_rgbf000108-resize_0-target.png,1000,1.8505,6,3958,999,feet,jsons/v1_VE1000_randls_2_rotated.json,1264650,1381041,25,Man
78,526603,DepthScenes,duration_manipulation_targetAtFixation,jsons/v1_VE1000_randls_2_rotated.json,http://54.235.29.9/FacialAge/BNav_EC2/DepthDuration/v2_depth_duration_MTurk/v2_DepthDuration_HTML.html#187,187,1366,625,1366,768,8-30-2022,13-32-3,79,depth_duration_stimuli/001650_2014-06-20_12-09-00_260595134347_rgbf000087-resize_3/001650_2014-06-20_12-09-00_260595134347_rgbf000087-resize_3-target.png,1000,1.9505,4,4082,1000,feet,jsons/v1_VE1000_randls_2_rotated.json,1264650,1381041,25,Man
79,526603,DepthScenes,duration_manipulation_targetAtFixation,jsons/v1_VE1000_randls_2_rotated.json,http://54.235.29.9/FacialAge/BNav_EC2/DepthDuration/v2_depth_duration_MTurk/v2_DepthDuration_HTML.html#187,187,1366,625,1366,768,8-30-2022,13-32-3,80,depth_duration_stimuli/000682_2014-06-08_23-14-58_260595134347_rgbf000041-resize_5/000682_2014-06-08_23-14-58_260595134347_rgbf000041-resize_5-target.png,1000,2.7239999999999998,6,4393,999,feet,jsons/v1_VE1000_randls_2_rotated.json,1264650,1381041,25,Man
80,526603,DepthScenes,duration_manipulation_targetAtFixation,jsons/v1_VE1000_randls_2_rotated.json,http://54.235.29.9/FacialAge/BNav_EC2/DepthDuration/v2_depth_duration_MTurk/v2_DepthDuration_HTML.html#187,187,1366,625,1366,768,8-30-2022,13-32-3,81,depth_duration_stimuli/002323_2014-06-28_20-01-54_260595134347_rgbf000051-resize_4/002323_2014-06-28_20-01-54_260595134347_rgbf000051-resize_4-target.png,1000,3.7310000000000003,3,3773,1000,feet,jsons/v1_VE1000_randls_2_rotated.json,1264650,1381041,25,Man
81,526603,DepthScenes,duration_manipulation_targetAtFixation,jsons/v1_VE1000_randls_2_rotated.json,http://54.235.29.9/FacialAge/BNav_EC2/DepthDuration/v2_depth_duration_MTurk/v2_DepthDuration_HTML.html#187,187,1366,625,1366,768,8-30-2022,13-32-3,82,depth_duration_stimuli/000917_2014-06-09_22-45-29_260595134347_rgbf000149-resize_3/000917_2014-06-09_22-45-29_260595134347_rgbf000149-resize_3-target.png,1000,4.1865,4,5472,1000,feet,jsons/v1_VE1000_randls_2_rotated.json,1264650,1381041,25,Man
82,526603,DepthScenes,duration_manipulation_targetAtFixation,jsons/v1_VE1000_randls_2_rotated.json,http://54.235.29.9/FacialAge/BNav_EC2/DepthDuration/v2_depth_duration_MTurk/v2_DepthDuration_HTML.html#187,187,1366,625,1366,768,8-30-2022,13-32-3,83,depth_duration_stimuli/001447_2014-06-19_17-00-32_260595134347_rgbf000082-resize_5/001447_2014-06-19_17-00-32_260595134347_rgbf000082-resize_5-target.png,1000,4.13775,4,4392,999,feet,jsons/v1_VE1000_randls_2_rotated.json,1264650,1381041,25,Man
83,526603,DepthScenes,duration_manipulation_targetAtFixation,jsons/v1_VE1000_randls_2_rotated.json,http://54.235.29.9/FacialAge/BNav_EC2/DepthDuration/v2_depth_duration_MTurk/v2_DepthDuration_HTML.html#187,187,1366,625,1366,768,8-30-2022,13-32-3,84,depth_duration_stimuli/000447_2014-06-08_16-15-46_260595134347_rgbf000130-resize_1/000447_2014-06-08_16-15-46_260595134347_rgbf000130-resize_1-target.png,1000,4.479,4,4467,999,feet,jsons/v1_VE1000_randls_2_rotated.json,1264650,1381041,25,Man
84,526603,DepthScenes,duration_manipulation_targetAtFixation,jsons/v1_VE1000_randls_2_rotated.json,http://54.235.29.9/FacialAge/BNav_EC2/DepthDuration/v2_depth_duration_MTurk/v2_DepthDuration_HTML.html#187,187,1366,625,1366,768,8-30-2022,13-32-3,85,depth_duration_stimuli/002425_2014-06-28_20-27-29_260595134347_rgbf000031-resize_8/002425_2014-06-28_20-27-29_260595134347_rgbf000031-resize_8-target.png,1000,3.8960000000000004,3,5508,999,feet,jsons/v1_VE1000_randls_2_rotated.json,1264650,1381041,25,Man
85,526603,DepthScenes,duration_manipulation_targetAtFixation,jsons/v1_VE1000_randls_2_rotated.json,http://54.235.29.9/FacialAge/BNav_EC2/DepthDuration/v2_depth_duration_MTurk/v2_DepthDuration_HTML.html#187,187,1366,625,1366,768,8-30-2022,13-32-3,86,depth_duration_stimuli/000642_2014-06-08_16-59-25_260595134347_rgbf000098-resize_2/000642_2014-06-08_16-59-25_260595134347_rgbf000098-resize_2-target.png,1000,2.8815,4,8426,1000,feet,jsons/v1_VE1000_randls_2_rotated.json,1264650,1381041,25,Man
86,526603,DepthScenes,duration_manipulation_targetAtFixation,jsons/v1_VE1000_randls_2_rotated.json,http://54.235.29.9/FacialAge/BNav_EC2/DepthDuration/v2_depth_duration_MTurk/v2_DepthDuration_HTML.html#187,187,1366,625,1366,768,8-30-2022,13-32-3,87,depth_duration_stimuli/000103_2014-05-14_22-01-17_260595134347_rgbf000152-resize_5/000103_2014-05-14_22-01-17_260595134347_rgbf000152-resize_5-target.png,1000,1.993,4,4426,999,feet,jsons/v1_VE1000_randls_2_rotated.json,1264650,1381041,25,Man
87,526603,DepthScenes,duration_manipulation_targetAtFixation,jsons/v1_VE1000_randls_2_rotated.json,http://54.235.29.9/FacialAge/BNav_EC2/DepthDuration/v2_depth_duration_MTurk/v2_DepthDuration_HTML.html#187,187,1366,625,1366,768,8-30-2022,13-32-3,88,depth_duration_stimuli/001555_2014-06-20_17-12-10_260595134347_rgbf000065-resize_4/001555_2014-06-20_17-12-10_260595134347_rgbf000065-resize_4-target.png,1000,1.633,3,12207,1001,feet,jsons/v1_VE1000_randls_2_rotated.json,1264650,1381041,25,Man
88,526603,DepthScenes,duration_manipulation_targetAtFixation,jsons/v1_VE1000_randls_2_rotated.json,http://54.235.29.9/FacialAge/BNav_EC2/DepthDuration/v2_depth_duration_MTurk/v2_DepthDuration_HTML.html#187,187,1366,625,1366,768,8-30-2022,13-32-3,89,depth_duration_stimuli/003048_2014-06-15_13-49-43_094959634447_rgbf000150-resize_1/003048_2014-06-15_13-49-43_094959634447_rgbf000150-resize_1-target.png,1000,4.0035,4,3773,1000,feet,jsons/v1_VE1000_randls_2_rotated.json,1264650,1381041,25,Man
89,526603,DepthScenes,duration_manipulation_targetAtFixation,jsons/v1_VE1000_randls_2_rotated.json,http://54.235.29.9/FacialAge/BNav_EC2/DepthDuration/v2_depth_duration_MTurk/v2_DepthDuration_HTML.html#187,187,1366,625,1366,768,8-30-2022,13-32-3,90,depth_duration_stimuli/002043_2014-06-24_20-29-38_260595134347_rgbf000039-resize_4/002043_2014-06-24_20-29-38_260595134347_rgbf000039-resize_4-target.png,1000,2.8435,6,3754,999,feet,jsons/v1_VE1000_randls_2_rotated.json,1264650,1381041,25,Man
90,526603,DepthScenes,duration_manipulation_targetAtFixation,jsons/v1_VE1000_randls_2_rotated.json,http://54.235.29.9/FacialAge/BNav_EC2/DepthDuration/v2_depth_duration_MTurk/v2_DepthDuration_HTML.html#187,187,1366,625,1366,768,8-30-2022,13-32-3,91,depth_duration_stimuli/002758_2014-06-22_19-11-20_094959634447_rgbf000128-resize_1/002758_2014-06-22_19-11-20_094959634447_rgbf000128-resize_1-target.png,1000,2.555,4,4329,999,feet,jsons/v1_VE1000_randls_2_rotated.json,1264650,1381041,25,Man
91,526603,DepthScenes,duration_manipulation_targetAtFixation,jsons/v1_VE1000_randls_2_rotated.json,http://54.235.29.9/FacialAge/BNav_EC2/DepthDuration/v2_depth_duration_MTurk/v2_DepthDuration_HTML.html#187,187,1366,625,1366,768,8-30-2022,13-32-3,92,depth_duration_stimuli/002630_2014-06-24_14-47-50_094959634447_rgbf000055-resize_1/002630_2014-06-24_14-47-50_094959634447_rgbf000055-resize_1-target.png,1000,3.0095,3,4919,999,feet,jsons/v1_VE1000_randls_2_rotated.json,1264650,1381041,25,Man
92,526603,DepthScenes,duration_manipulation_targetAtFixation,jsons/v1_VE1000_randls_2_rotated.json,http://54.235.29.9/FacialAge/BNav_EC2/DepthDuration/v2_depth_duration_MTurk/v2_DepthDuration_HTML.html#187,187,1366,625,1366,768,8-30-2022,13-32-3,93,depth_duration_stimuli/003495_2014-05-21_16-01-51_094959634447_rgbf000100-resize_3/003495_2014-05-21_16-01-51_094959634447_rgbf000100-resize_3-target.png,1000,1.6255,2,4257,1001,feet,jsons/v1_VE1000_randls_2_rotated.json,1264650,1381041,25,Man
93,526603,DepthScenes,duration_manipulation_targetAtFixation,jsons/v1_VE1000_randls_2_rotated.json,http://54.235.29.9/FacialAge/BNav_EC2/DepthDuration/v2_depth_duration_MTurk/v2_DepthDuration_HTML.html#187,187,1366,625,1366,768,8-30-2022,13-32-3,94,depth_duration_stimuli/001244_2014-06-17_16-47-45_260595134347_rgbf000030-resize_4/001244_2014-06-17_16-47-45_260595134347_rgbf000030-resize_4-target.png,1000,2.0425,3,4293,999,feet,jsons/v1_VE1000_randls_2_rotated.json,1264650,1381041,25,Man
94,526603,DepthScenes,duration_manipulation_targetAtFixation,jsons/v1_VE1000_randls_2_rotated.json,http://54.235.29.9/FacialAge/BNav_EC2/DepthDuration/v2_depth_duration_MTurk/v2_DepthDuration_HTML.html#187,187,1366,625,1366,768,8-30-2022,13-32-3,95,depth_duration_stimuli/002639_2014-06-24_14-51-37_094959634447_rgbf000074-resize_4/002639_2014-06-24_14-51-37_094959634447_rgbf000074-resize_4-target.png,1000,4.0375,4,4837,1000,feet,jsons/v1_VE1000_randls_2_rotated.json,1264650,1381041,25,Man
95,526603,DepthScenes,duration_manipulation_targetAtFixation,jsons/v1_VE1000_randls_2_rotated.json,http://54.235.29.9/FacialAge/BNav_EC2/DepthDuration/v2_depth_duration_MTurk/v2_DepthDuration_HTML.html#187,187,1366,625,1366,768,8-30-2022,13-32-3,96,depth_duration_stimuli/003292_2014-05-14_21-53-49_094959634447_rgbf000100-resize_2/003292_2014-05-14_21-53-49_094959634447_rgbf000100-resize_2-target.png,1000,3.4815,4,4875,1001,feet,jsons/v1_VE1000_randls_2_rotated.json,1264650,1381041,25,Man
96,526603,DepthScenes,duration_manipulation_targetAtFixation,jsons/v1_VE1000_randls_2_rotated.json,http://54.235.29.9/FacialAge/BNav_EC2/DepthDuration/v2_depth_duration_MTurk/v2_DepthDuration_HTML.html#187,187,1366,625,1366,768,8-30-2022,13-32-3,97,depth_duration_stimuli/000457_2014-06-08_16-52-43_260595134347_rgbf000199-resize_1/000457_2014-06-08_16-52-43_260595134347_rgbf000199-resize_1-target.png,1000,3.6489999999999996,3,4902,999,feet,jsons/v1_VE1000_randls_2_rotated.json,1264650,1381041,25,Man
97,526603,DepthScenes,duration_manipulation_targetAtFixation,jsons/v1_VE1000_randls_2_rotated.json,http://54.235.29.9/FacialAge/BNav_EC2/DepthDuration/v2_depth_duration_MTurk/v2_DepthDuration_HTML.html#187,187,1366,625,1366,768,8-30-2022,13-32-3,98,depth_duration_stimuli/000929_2014-06-09_16-33-19_260595134347_rgbf000139-resize_0/000929_2014-06-09_16-33-19_260595134347_rgbf000139-resize_0-target.png,1000,2.8680000000000003,6,7973,999,feet,jsons/v1_VE1000_randls_2_rotated.json,1264650,1381041,25,Man
98,526603,DepthScenes,duration_manipulation_targetAtFixation,jsons/v1_VE1000_randls_2_rotated.json,http://54.235.29.9/FacialAge/BNav_EC2/DepthDuration/v2_depth_duration_MTurk/v2_DepthDuration_HTML.html#187,187,1366,625,1366,768,8-30-2022,13-32-3,99,depth_duration_stimuli/001222_2014-06-17_16-24-06_260595134347_rgbf000073-resize_0/001222_2014-06-17_16-24-06_260595134347_rgbf000073-resize-original.jpg,1000,1.4385,0,4657,999,feet,jsons/v1_VE1000_randls_2_rotated.json,1264650,1381041,25,Man
99,526603,DepthScenes,duration_manipulation_targetAtFixation,jsons/v1_VE1000_randls_2_rotated.json,http://54.235.29.9/FacialAge/BNav_EC2/DepthDuration/v2_depth_duration_MTurk/v2_DepthDuration_HTML.html#187,187,1366,625,1366,768,8-30-2022,13-32-3,100,depth_duration_stimuli/003338_2014-05-20_11-01-23_094959634447_rgbf000051-resize_6/003338_2014-05-20_11-01-23_094959634447_rgbf000051-resize_6-target.png,1000,1.693,6,4027,1000,feet,jsons/v1_VE1000_randls_2_rotated.json,1264650,1381041,25,Man
100,526603,DepthScenes,duration_manipulation_targetAtFixation,jsons/v1_VE1000_randls_2_rotated.json,http://54.235.29.9/FacialAge/BNav_EC2/DepthDuration/v2_depth_duration_MTurk/v2_DepthDuration_HTML.html#187,187,1366,625,1366,768,8-30-2022,13-32-3,101,depth_duration_stimuli/002509_2014-06-24_13-19-22_094959634447_rgbf000077-resize_0/002509_2014-06-24_13-19-22_094959634447_rgbf000077-resize_0-target.png,1000,1.3065,4,3848,1000,feet,jsons/v1_VE1000_randls_2_rotated.json,1264650,1381041,25,Man
101,526603,DepthScenes,duration_manipulation_targetAtFixation,jsons/v1_VE1000_randls_2_rotated.json,http://54.235.29.9/FacialAge/BNav_EC2/DepthDuration/v2_depth_duration_MTurk/v2_DepthDuration_HTML.html#187,187,1366,625,1366,768,8-30-2022,13-32-3,102,depth_duration_stimuli/002750_2014-06-22_19-08-03_094959634447_rgbf000094-resize_4/002750_2014-06-22_19-08-03_094959634447_rgbf000094-resize_4-target.png,1000,2.354,6,4339,1000,feet,jsons/v1_VE1000_randls_2_rotated.json,1264650,1381041,25,Man
102,526603,DepthScenes,duration_manipulation_targetAtFixation,jsons/v1_VE1000_randls_2_rotated.json,http://54.235.29.9/FacialAge/BNav_EC2/DepthDuration/v2_depth_duration_MTurk/v2_DepthDuration_HTML.html#187,187,1366,625,1366,768,8-30-2022,13-32-3,103,depth_duration_stimuli/002549_2014-06-24_13-41-39_094959634447_rgbf000022-resize_3/002549_2014-06-24_13-41-39_094959634447_rgbf000022-resize_3-target.png,1000,1.476,4,4596,1000,feet,jsons/v1_VE1000_randls_2_rotated.json,1264650,1381041,25,Man
103,526603,DepthScenes,duration_manipulation_targetAtFixation,jsons/v1_VE1000_randls_2_rotated.json,http://54.235.29.9/FacialAge/BNav_EC2/DepthDuration/v2_depth_duration_MTurk/v2_DepthDuration_HTML.html#187,187,1366,625,1366,768,8-30-2022,13-32-3,104,depth_duration_stimuli/000483_2014-06-09_20-41-45_260595134347_rgbf000116-resize_4/000483_2014-06-09_20-41-45_260595134347_rgbf000116-resize_4-target.png,1000,1.337,6,8989,999,feet,jsons/v1_VE1000_randls_2_rotated.json,1264650,1381041,25,Man
104,526603,DepthScenes,duration_manipulation_targetAtFixation,jsons/v1_VE1000_randls_2_rotated.json,http://54.235.29.9/FacialAge/BNav_EC2/DepthDuration/v2_depth_duration_MTurk/v2_DepthDuration_HTML.html#187,187,1366,625,1366,768,8-30-2022,13-32-3,105,depth_duration_stimuli/000469_2014-06-09_19-42-10_260595134347_rgbf000081-resize_1/000469_2014-06-09_19-42-10_260595134347_rgbf000081-resize_1-target.png,1000,1.652,3,5768,1000,feet,jsons/v1_VE1000_randls_2_rotated.json,1264650,1381041,25,Man
105,526603,DepthScenes,duration_manipulation_targetAtFixation,jsons/v1_VE1000_randls_2_rotated.json,http://54.235.29.9/FacialAge/BNav_EC2/DepthDuration/v2_depth_duration_MTurk/v2_DepthDuration_HTML.html#187,187,1366,625,1366,768,8-30-2022,13-32-3,106,depth_duration_stimuli/002949_2014-06-26_15-57-42_094959634447_rgbf000079-resize_1/002949_2014-06-26_15-57-42_094959634447_rgbf000079-resize_1-target.png,1000,1.8915,6,9524,999,feet,jsons/v1_VE1000_randls_2_rotated.json,1264650,1381041,25,Man
106,526603,DepthScenes,duration_manipulation_targetAtFixation,jsons/v1_VE1000_randls_2_rotated.json,http://54.235.29.9/FacialAge/BNav_EC2/DepthDuration/v2_depth_duration_MTurk/v2_DepthDuration_HTML.html#187,187,1366,625,1366,768,8-30-2022,13-32-3,107,depth_duration_stimuli/000522_2014-06-08_13-35-06_260595134347_rgbf000244-resize_1/000522_2014-06-08_13-35-06_260595134347_rgbf000244-resize_1-target.png,1000,2.3715,4,4610,1000,feet,jsons/v1_VE1000_randls_2_rotated.json,1264650,1381041,25,Man
107,526603,DepthScenes,duration_manipulation_targetAtFixation,jsons/v1_VE1000_randls_2_rotated.json,http://54.235.29.9/FacialAge/BNav_EC2/DepthDuration/v2_depth_duration_MTurk/v2_DepthDuration_HTML.html#187,187,1366,625,1366,768,8-30-2022,13-32-3,108,depth_duration_stimuli/003081_2014-06-15_15-19-16_094959634447_rgbf000150-resize_1/003081_2014-06-15_15-19-16_094959634447_rgbf000150-resize_1-target.png,1000,3.9125,6,6105,999,feet,jsons/v1_VE1000_randls_2_rotated.json,1264650,1381041,25,Man
108,526603,DepthScenes,duration_manipulation_targetAtFixation,jsons/v1_VE1000_randls_2_rotated.json,http://54.235.29.9/FacialAge/BNav_EC2/DepthDuration/v2_depth_duration_MTurk/v2_DepthDuration_HTML.html#187,187,1366,625,1366,768,8-30-2022,13-32-3,109,depth_duration_stimuli/001417_2014-06-19_16-25-36_260595134347_rgbf000115-resize_5/001417_2014-06-19_16-25-36_260595134347_rgbf000115-resize_5-target.png,1000,4.6255,4,6346,1000,feet,jsons/v1_VE1000_randls_2_rotated.json,1264650,1381041,25,Man
109,526603,DepthScenes,duration_manipulation_targetAtFixation,jsons/v1_VE1000_randls_2_rotated.json,http://54.235.29.9/FacialAge/BNav_EC2/DepthDuration/v2_depth_duration_MTurk/v2_DepthDuration_HTML.html#187,187,1366,625,1366,768,8-30-2022,13-32-3,110,depth_duration_stimuli/001132_2014-06-17_14-48-54_260595134347_rgbf000100-resize_2/001132_2014-06-17_14-48-54_260595134347_rgbf000100-resize_2-target.png,1000,3.753,4,3738,1000,feet,jsons/v1_VE1000_randls_2_rotated.json,1264650,1381041,25,Man
110,526603,DepthScenes,duration_manipulation_targetAtFixation,jsons/v1_VE1000_randls_2_rotated.json,http://54.235.29.9/FacialAge/BNav_EC2/DepthDuration/v2_depth_duration_MTurk/v2_DepthDuration_HTML.html#187,187,1366,625,1366,768,8-30-2022,13-32-3,111,depth_duration_stimuli/001133_2014-06-17_14-49-16_260595134347_rgbf000100-resize_0/001133_2014-06-17_14-49-16_260595134347_rgbf000100-resize_0-target.png,1000,4.2115,6,4195,999,feet,jsons/v1_VE1000_randls_2_rotated.json,1264650,1381041,25,Man
111,526603,DepthScenes,duration_manipulation_targetAtFixation,jsons/v1_VE1000_randls_2_rotated.json,http://54.235.29.9/FacialAge/BNav_EC2/DepthDuration/v2_depth_duration_MTurk/v2_DepthDuration_HTML.html#187,187,1366,625,1366,768,8-30-2022,13-32-3,112,depth_duration_stimuli/000742_2014-06-08_18-48-09_260595134347_rgbf000164-resize_4/000742_2014-06-08_18-48-09_260595134347_rgbf000164-resize_4-target.png,1000,4.632,7,4425,1000,feet,jsons/v1_VE1000_randls_2_rotated.json,1264650,1381041,25,Man
112,526603,DepthScenes,duration_manipulation_targetAtFixation,jsons/v1_VE1000_randls_2_rotated.json,http://54.235.29.9/FacialAge/BNav_EC2/DepthDuration/v2_depth_duration_MTurk/v2_DepthDuration_HTML.html#187,187,1366,625,1366,768,8-30-2022,13-32-3,113,depth_duration_stimuli/001066_2014-06-08_22-03-20_260595134347_rgbf000066-resize_4/001066_2014-06-08_22-03-20_260595134347_rgbf000066-resize_4-target.png,1000,4.2330000000000005,7,4555,999,feet,jsons/v1_VE1000_randls_2_rotated.json,1264650,1381041,25,Man
113,526603,DepthScenes,duration_manipulation_targetAtFixation,jsons/v1_VE1000_randls_2_rotated.json,http://54.235.29.9/FacialAge/BNav_EC2/DepthDuration/v2_depth_duration_MTurk/v2_DepthDuration_HTML.html#187,187,1366,625,1366,768,8-30-2022,13-32-3,114,depth_duration_stimuli/002136_2014-06-25_21-18-03_260595134347_rgbf000109-resize_3/002136_2014-06-25_21-18-03_260595134347_rgbf000109-resize_3-target.png,1000,1.9569999999999999,6,3890,999,feet,jsons/v1_VE1000_randls_2_rotated.json,1264650,1381041,25,Man
114,526603,DepthScenes,duration_manipulation_targetAtFixation,jsons/v1_VE1000_randls_2_rotated.json,http://54.235.29.9/FacialAge/BNav_EC2/DepthDuration/v2_depth_duration_MTurk/v2_DepthDuration_HTML.html#187,187,1366,625,1366,768,8-30-2022,13-32-3,115,depth_duration_stimuli/002964_2014-06-08_17-46-11_094959634447_rgbf000091-resize_4/002964_2014-06-08_17-46-11_094959634447_rgbf000091-resize_4-target.png,1000,1.6909999999999998,3,3960,999,feet,jsons/v1_VE1000_randls_2_rotated.json,1264650,1381041,25,Man
115,526603,DepthScenes,duration_manipulation_targetAtFixation,jsons/v1_VE1000_randls_2_rotated.json,http://54.235.29.9/FacialAge/BNav_EC2/DepthDuration/v2_depth_duration_MTurk/v2_DepthDuration_HTML.html#187,187,1366,625,1366,768,8-30-2022,13-32-3,116,depth_duration_stimuli/001136_2014-06-17_15-19-41_260595134347_rgbf000076-resize_3/001136_2014-06-17_15-19-41_260595134347_rgbf000076-resize_3-target.png,1000,1.8655,9,4518,1000,feet,jsons/v1_VE1000_randls_2_rotated.json,1264650,1381041,25,Man
116,526603,DepthScenes,duration_manipulation_targetAtFixation,jsons/v1_VE1000_randls_2_rotated.json,http://54.235.29.9/FacialAge/BNav_EC2/DepthDuration/v2_depth_duration_MTurk/v2_DepthDuration_HTML.html#187,187,1366,625,1366,768,8-30-2022,13-32-3,117,depth_duration_stimuli/001164_2014-06-17_15-35-46_260595134347_rgbf000085-resize_3/001164_2014-06-17_15-35-46_260595134347_rgbf000085-resize_3-target.png,1000,2.354,4,4899,1000,feet,jsons/v1_VE1000_randls_2_rotated.json,1264650,1381041,25,Man
117,526603,DepthScenes,duration_manipulation_targetAtFixation,jsons/v1_VE1000_randls_2_rotated.json,http://54.235.29.9/FacialAge/BNav_EC2/DepthDuration/v2_depth_duration_MTurk/v2_DepthDuration_HTML.html#187,187,1366,625,1366,768,8-30-2022,13-32-3,118,depth_duration_stimuli/002568_2014-06-24_13-59-21_094959634447_rgbf000062-resize_4/002568_2014-06-24_13-59-21_094959634447_rgbf000062-resize_4-target.png,1000,3.015,3,3977,999,feet,jsons/v1_VE1000_randls_2_rotated.json,1264650,1381041,25,Man
118,526603,DepthScenes,duration_manipulation_targetAtFixation,jsons/v1_VE1000_randls_2_rotated.json,http://54.235.29.9/FacialAge/BNav_EC2/DepthDuration/v2_depth_duration_MTurk/v2_DepthDuration_HTML.html#187,187,1366,625,1366,768,8-30-2022,13-32-3,119,depth_duration_stimuli/003492_2014-05-21_15-50-55_094959634447_rgbf000828-resize_1/003492_2014-05-21_15-50-55_094959634447_rgbf000828-resize_1-target.png,1000,4.06875,6,4066,999,feet,jsons/v1_VE1000_randls_2_rotated.json,1264650,1381041,25,Man
119,526603,DepthScenes,duration_manipulation_targetAtFixation,jsons/v1_VE1000_randls_2_rotated.json,http://54.235.29.9/FacialAge/BNav_EC2/DepthDuration/v2_depth_duration_MTurk/v2_DepthDuration_HTML.html#187,187,1366,625,1366,768,8-30-2022,13-32-3,120,depth_duration_stimuli/000787_2014-06-08_22-33-53_260595134347_rgbf000175-resize_1/000787_2014-06-08_22-33-53_260595134347_rgbf000175-resize-original.jpg,1000,4.784,4,4057,998,feet,jsons/v1_VE1000_randls_2_rotated.json,1264650,1381041,25,Man
120,526603,DepthScenes,duration_manipulation_targetAtFixation,jsons/v1_VE1000_randls_2_rotated.json,http://54.235.29.9/FacialAge/BNav_EC2/DepthDuration/v2_depth_duration_MTurk/v2_DepthDuration_HTML.html#187,187,1366,625,1366,768,8-30-2022,13-32-3,121,depth_duration_stimuli/002467_2014-06-28_20-38-07_260595134347_rgbf000026-resize_2/002467_2014-06-28_20-38-07_260595134347_rgbf000026-resize_2-target.png,1000,4.742,6,4010,999,feet,jsons/v1_VE1000_randls_2_rotated.json,1264650,1381041,25,Man
121,526603,DepthScenes,duration_manipulation_targetAtFixation,jsons/v1_VE1000_randls_2_rotated.json,http://54.235.29.9/FacialAge/BNav_EC2/DepthDuration/v2_depth_duration_MTurk/v2_DepthDuration_HTML.html#187,187,1366,625,1366,768,8-30-2022,13-32-3,122,depth_duration_stimuli/002570_2014-06-24_13-59-54_094959634447_rgbf000059-resize_0/002570_2014-06-24_13-59-54_094959634447_rgbf000059-resize_0-target.png,1000,4.037,4,4273,1000,feet,jsons/v1_VE1000_randls_2_rotated.json,1264650,1381041,25,Man
122,526603,DepthScenes,duration_manipulation_targetAtFixation,jsons/v1_VE1000_randls_2_rotated.json,http://54.235.29.9/FacialAge/BNav_EC2/DepthDuration/v2_depth_duration_MTurk/v2_DepthDuration_HTML.html#187,187,1366,625,1366,768,8-30-2022,13-32-3,123,depth_duration_stimuli/000866_2014-06-09_20-45-42_260595134347_rgbf000139-resize_1/000866_2014-06-09_20-45-42_260595134347_rgbf000139-resize_1-target.png,1000,3.2155,6,3962,999,feet,jsons/v1_VE1000_randls_2_rotated.json,1264650,1381041,25,Man
123,526603,DepthScenes,duration_manipulation_targetAtFixation,jsons/v1_VE1000_randls_2_rotated.json,http://54.235.29.9/FacialAge/BNav_EC2/DepthDuration/v2_depth_duration_MTurk/v2_DepthDuration_HTML.html#187,187,1366,625,1366,768,8-30-2022,13-32-3,124,depth_duration_stimuli/002989_2014-06-15_12-25-03_094959634447_rgbf000150-resize_3/002989_2014-06-15_12-25-03_094959634447_rgbf000150-resize_3-target.png,1000,4.1975,6,6577,999,feet,jsons/v1_VE1000_randls_2_rotated.json,1264650,1381041,25,Man
124,526603,DepthScenes,duration_manipulation_targetAtFixation,jsons/v1_VE1000_randls_2_rotated.json,http://54.235.29.9/FacialAge/BNav_EC2/DepthDuration/v2_depth_duration_MTurk/v2_DepthDuration_HTML.html#187,187,1366,625,1366,768,8-30-2022,13-32-3,125,depth_duration_stimuli/002678_2014-06-13_16-15-32_094959634447_rgbf000151-resize_6/002678_2014-06-13_16-15-32_094959634447_rgbf000151-resize_6-target.png,1000,2.1830000000000003,6,4562,999,feet,jsons/v1_VE1000_randls_2_rotated.json,1264650,1381041,25,Man
125,526603,DepthScenes,duration_manipulation_targetAtFixation,jsons/v1_VE1000_randls_2_rotated.json,http://54.235.29.9/FacialAge/BNav_EC2/DepthDuration/v2_depth_duration_MTurk/v2_DepthDuration_HTML.html#187,187,1366,625,1366,768,8-30-2022,13-32-3,126,depth_duration_stimuli/000368_2014-06-09_15-53-01_260595134347_rgbf000155-resize_2/000368_2014-06-09_15-53-01_260595134347_rgbf000155-resize_2-target.png,1000,2.4859999999999998,9,4090,1000,feet,jsons/v1_VE1000_randls_2_rotated.json,1264650,1381041,25,Man
126,526603,DepthScenes,duration_manipulation_targetAtFixation,jsons/v1_VE1000_randls_2_rotated.json,http://54.235.29.9/FacialAge/BNav_EC2/DepthDuration/v2_depth_duration_MTurk/v2_DepthDuration_HTML.html#187,187,1366,625,1366,768,8-30-2022,13-32-3,127,depth_duration_stimuli/000502_2014-06-08_23-02-32_260595134347_rgbf000063-resize_4/000502_2014-06-08_23-02-32_260595134347_rgbf000063-resize_4-target.png,1000,2.431,6,4563,1000,feet,jsons/v1_VE1000_randls_2_rotated.json,1264650,1381041,25,Man
127,526603,DepthScenes,duration_manipulation_targetAtFixation,jsons/v1_VE1000_randls_2_rotated.json,http://54.235.29.9/FacialAge/BNav_EC2/DepthDuration/v2_depth_duration_MTurk/v2_DepthDuration_HTML.html#187,187,1366,625,1366,768,8-30-2022,13-32-3,128,depth_duration_stimuli/001199_2014-06-17_16-03-48_260595134347_rgbf000077-resize_0/001199_2014-06-17_16-03-48_260595134347_rgbf000077-resize_0-target.png,1000,3.4375,4,4876,999,feet,jsons/v1_VE1000_randls_2_rotated.json,1264650,1381041,25,Man
128,526603,DepthScenes,duration_manipulation_targetAtFixation,jsons/v1_VE1000_randls_2_rotated.json,http://54.235.29.9/FacialAge/BNav_EC2/DepthDuration/v2_depth_duration_MTurk/v2_DepthDuration_HTML.html#187,187,1366,625,1366,768,8-30-2022,13-32-3,129,depth_duration_stimuli/000943_2014-06-09_19-31-07_260595134347_rgbf000128-resize_1/000943_2014-06-09_19-31-07_260595134347_rgbf000128-resize_1-target.png,1000,1.9765,6,4243,999,feet,jsons/v1_VE1000_randls_2_rotated.json,1264650,1381041,25,Man
129,526603,DepthScenes,duration_manipulation_targetAtFixation,jsons/v1_VE1000_randls_2_rotated.json,http://54.235.29.9/FacialAge/BNav_EC2/DepthDuration/v2_depth_duration_MTurk/v2_DepthDuration_HTML.html#187,187,1366,625,1366,768,8-30-2022,13-32-3,130,depth_duration_stimuli/003070_2014-06-15_14-58-27_094959634447_rgbf000150-resize_3/003070_2014-06-15_14-58-27_094959634447_rgbf000150-resize_3-target.png,1000,2.9415,3,4276,1000,feet,jsons/v1_VE1000_randls_2_rotated.json,1264650,1381041,25,Man
130,526603,DepthScenes,duration_manipulation_targetAtFixation,jsons/v1_VE1000_randls_2_rotated.json,http://54.235.29.9/FacialAge/BNav_EC2/DepthDuration/v2_depth_duration_MTurk/v2_DepthDuration_HTML.html#187,187,1366,625,1366,768,8-30-2022,13-32-3,131,depth_duration_stimuli/000191_2014-05-12_17-07-38_260595134347_rgbf000199-resize_0/000191_2014-05-12_17-07-38_260595134347_rgbf000199-resize_0-target.png,1000,3.7995,6,3847,1000,feet,jsons/v1_VE1000_randls_2_rotated.json,1264650,1381041,25,Man
131,526603,DepthScenes,duration_manipulation_targetAtFixation,jsons/v1_VE1000_randls_2_rotated.json,http://54.235.29.9/FacialAge/BNav_EC2/DepthDuration/v2_depth_duration_MTurk/v2_DepthDuration_HTML.html#187,187,1366,625,1366,768,8-30-2022,13-32-3,132,depth_duration_stimuli/000493_2014-06-09_21-01-18_260595134347_rgbf000196-resize_3/000493_2014-06-09_21-01-18_260595134347_rgbf000196-resize_3-target.png,1000,3.44,1,4554,1000,feet,jsons/v1_VE1000_randls_2_rotated.json,1264650,1381041,25,Man
132,526603,DepthScenes,duration_manipulation_targetAtFixation,jsons/v1_VE1000_randls_2_rotated.json,http://54.235.29.9/FacialAge/BNav_EC2/DepthDuration/v2_depth_duration_MTurk/v2_DepthDuration_HTML.html#187,187,1366,625,1366,768,8-30-2022,13-32-3,133,depth_duration_stimuli/001214_2014-06-17_16-13-55_260595134347_rgbf000111-resize_0/001214_2014-06-17_16-13-55_260595134347_rgbf000111-resize_0-target.png,1000,2.6505,6,4506,999,feet,jsons/v1_VE1000_randls_2_rotated.json,1264650,1381041,25,Man
133,526603,DepthScenes,duration_manipulation_targetAtFixation,jsons/v1_VE1000_randls_2_rotated.json,http://54.235.29.9/FacialAge/BNav_EC2/DepthDuration/v2_depth_duration_MTurk/v2_DepthDuration_HTML.html#187,187,1366,625,1366,768,8-30-2022,13-32-3,134,depth_duration_stimuli/000810_2014-06-08_17-20-01_260595134347_rgbf000105-resize_0/000810_2014-06-08_17-20-01_260595134347_rgbf000105-resize_0-target.png,1000,1.4865,4,5095,1000,feet,jsons/v1_VE1000_randls_2_rotated.json,1264650,1381041,25,Man
134,526603,DepthScenes,duration_manipulation_targetAtFixation,jsons/v1_VE1000_randls_2_rotated.json,http://54.235.29.9/FacialAge/BNav_EC2/DepthDuration/v2_depth_duration_MTurk/v2_DepthDuration_HTML.html#187,187,1366,625,1366,768,8-30-2022,13-32-3,135,depth_duration_stimuli/000375_2014-06-08_11-17-29_260595134347_rgbf000133-resize_2/000375_2014-06-08_11-17-29_260595134347_rgbf000133-resize-original.jpg,1000,4.718,0,5014,999,feet,jsons/v1_VE1000_randls_2_rotated.json,1264650,1381041,25,Man
135,526603,DepthScenes,duration_manipulation_targetAtFixation,jsons/v1_VE1000_randls_2_rotated.json,http://54.235.29.9/FacialAge/BNav_EC2/DepthDuration/v2_depth_duration_MTurk/v2_DepthDuration_HTML.html#187,187,1366,625,1366,768,8-30-2022,13-32-3,136,depth_duration_stimuli/001815_2014-06-26_20-52-55_260595134347_rgbf000020-resize_0/001815_2014-06-26_20-52-55_260595134347_rgbf000020-resize_0-target.png,1000,3.3865,3,18052,1000,feet,jsons/v1_VE1000_randls_2_rotated.json,1264650,1381041,25,Man
136,526603,DepthScenes,duration_manipulation_targetAtFixation,jsons/v1_VE1000_randls_2_rotated.json,http://54.235.29.9/FacialAge/BNav_EC2/DepthDuration/v2_depth_duration_MTurk/v2_DepthDuration_HTML.html#187,187,1366,625,1366,768,8-30-2022,13-32-3,137,depth_duration_stimuli/001808_2014-06-26_20-50-58_260595134347_rgbf000029-resize_1/001808_2014-06-26_20-50-58_260595134347_rgbf000029-resize_1-target.png,1000,4.249,6,3954,1000,feet,jsons/v1_VE1000_randls_2_rotated.json,1264650,1381041,25,Man
137,526603,DepthScenes,duration_manipulation_targetAtFixation,jsons/v1_VE1000_randls_2_rotated.json,http://54.235.29.9/FacialAge/BNav_EC2/DepthDuration/v2_depth_duration_MTurk/v2_DepthDuration_HTML.html#187,187,1366,625,1366,768,8-30-2022,13-32-3,138,depth_duration_stimuli/002545_2014-06-24_13-38-53_094959634447_rgbf000080-resize_4/002545_2014-06-24_13-38-53_094959634447_rgbf000080-resize_4-target.png,1000,1.9205,6,5915,1000,feet,jsons/v1_VE1000_randls_2_rotated.json,1264650,1381041,25,Man
138,526603,DepthScenes,duration_manipulation_targetAtFixation,jsons/v1_VE1000_randls_2_rotated.json,http://54.235.29.9/FacialAge/BNav_EC2/DepthDuration/v2_depth_duration_MTurk/v2_DepthDuration_HTML.html#187,187,1366,625,1366,768,8-30-2022,13-32-3,139,depth_duration_stimuli/001092_2014-06-15_17-34-58_260595134347_rgbf000171-resize_3/001092_2014-06-15_17-34-58_260595134347_rgbf000171-resize_3-target.png,1000,2.6935,6,3947,1000,feet,jsons/v1_VE1000_randls_2_rotated.json,1264650,1381041,25,Man
139,526603,DepthScenes,duration_manipulation_targetAtFixation,jsons/v1_VE1000_randls_2_rotated.json,http://54.235.29.9/FacialAge/BNav_EC2/DepthDuration/v2_depth_duration_MTurk/v2_DepthDuration_HTML.html#187,187,1366,625,1366,768,8-30-2022,13-32-3,140,depth_duration_stimuli/003423_2014-05-21_10-23-26_094959634447_rgbf002665-resize_2/003423_2014-05-21_10-23-26_094959634447_rgbf002665-resize_2-target.png,1000,3.2575,3,155841,1000,feet,jsons/v1_VE1000_randls_2_rotated.json,1264650,1381041,25,Man
140,526603,DepthScenes,duration_manipulation_targetAtFixation,jsons/v1_VE1000_randls_2_rotated.json,http://54.235.29.9/FacialAge/BNav_EC2/DepthDuration/v2_depth_duration_MTurk/v2_DepthDuration_HTML.html#187,187,1366,625,1366,768,8-30-2022,13-32-3,141,depth_duration_stimuli/002905_2014-06-03_18-04-43_094959634447_rgbf000151-resize_2/002905_2014-06-03_18-04-43_094959634447_rgbf000151-resize_2-target.png,1000,2.0295,3,6481,1650,feet,jsons/v1_VE1000_randls_2_rotated.json,1264650,1381041,25,Man
141,526603,DepthScenes,duration_manipulation_targetAtFixation,jsons/v1_VE1000_randls_2_rotated.json,http://54.235.29.9/FacialAge/BNav_EC2/DepthDuration/v2_depth_duration_MTurk/v2_DepthDuration_HTML.html#187,187,1366,625,1366,768,8-30-2022,13-32-3,142,depth_duration_stimuli/000677_2014-06-08_23-10-32_260595134347_rgbf000158-resize_6/000677_2014-06-08_23-10-32_260595134347_rgbf000158-resize_6-target.png,1000,3.556,4,4619,999,feet,jsons/v1_VE1000_randls_2_rotated.json,1264650,1381041,25,Man
142,526603,DepthScenes,duration_manipulation_targetAtFixation,jsons/v1_VE1000_randls_2_rotated.json,http://54.235.29.9/FacialAge/BNav_EC2/DepthDuration/v2_depth_duration_MTurk/v2_DepthDuration_HTML.html#187,187,1366,625,1366,768,8-30-2022,13-32-3,143,depth_duration_stimuli/001029_2014-06-08_13-17-57_260595134347_rgbf000065-resize_1/001029_2014-06-08_13-17-57_260595134347_rgbf000065-resize_1-target.png,1000,3.0835,6,3849,1000,feet,jsons/v1_VE1000_randls_2_rotated.json,1264650,1381041,25,Man
143,526603,DepthScenes,duration_manipulation_targetAtFixation,jsons/v1_VE1000_randls_2_rotated.json,http://54.235.29.9/FacialAge/BNav_EC2/DepthDuration/v2_depth_duration_MTurk/v2_DepthDuration_HTML.html#187,187,1366,625,1366,768,8-30-2022,13-32-3,144,depth_duration_stimuli/001450_2014-06-19_17-02-03_260595134347_rgbf000203-resize_4/001450_2014-06-19_17-02-03_260595134347_rgbf000203-resize_4-target.png,1000,4.0106666666667,3,3787,999,feet,jsons/v1_VE1000_randls_2_rotated.json,1264650,1381041,25,Man
144,526603,DepthScenes,duration_manipulation_targetAtFixation,jsons/v1_VE1000_randls_2_rotated.json,http://54.235.29.9/FacialAge/BNav_EC2/DepthDuration/v2_depth_duration_MTurk/v2_DepthDuration_HTML.html#187,187,1366,625,1366,768,8-30-2022,13-32-3,145,depth_duration_stimuli/001449_2014-06-19_17-01-27_260595134347_rgbf000116-resize_2/001449_2014-06-19_17-01-27_260595134347_rgbf000116-resize_2-target.png,1000,3.452,6,3832,999,feet,jsons/v1_VE1000_randls_2_rotated.json,1264650,1381041,25,Man
145,526603,DepthScenes,duration_manipulation_targetAtFixation,jsons/v1_VE1000_randls_2_rotated.json,http://54.235.29.9/FacialAge/BNav_EC2/DepthDuration/v2_depth_duration_MTurk/v2_DepthDuration_HTML.html#187,187,1366,625,1366,768,8-30-2022,13-32-3,146,depth_duration_stimuli/002875_2014-06-01_15-19-00_094959634447_rgbf000151-resize_1/002875_2014-06-01_15-19-00_094959634447_rgbf000151-resize_1-target.png,1000,1.9675,4,3834,998,feet,jsons/v1_VE1000_randls_2_rotated.json,1264650,1381041,25,Man
146,526603,DepthScenes,duration_manipulation_targetAtFixation,jsons/v1_VE1000_randls_2_rotated.json,http://54.235.29.9/FacialAge/BNav_EC2/DepthDuration/v2_depth_duration_MTurk/v2_DepthDuration_HTML.html#187,187,1366,625,1366,768,8-30-2022,13-32-3,147,depth_duration_stimuli/001011_2014-06-08_23-18-54_260595134347_rgbf000044-resize_4/001011_2014-06-08_23-18-54_260595134347_rgbf000044-resize_4-target.png,1000,2.4730000000000003,6,4010,1000,feet,jsons/v1_VE1000_randls_2_rotated.json,1264650,1381041,25,Man
147,526603,DepthScenes,duration_manipulation_targetAtFixation,jsons/v1_VE1000_randls_2_rotated.json,http://54.235.29.9/FacialAge/BNav_EC2/DepthDuration/v2_depth_duration_MTurk/v2_DepthDuration_HTML.html#187,187,1366,625,1366,768,8-30-2022,13-32-3,148,depth_duration_stimuli/000927_2014-06-09_16-32-30_260595134347_rgbf000123-resize_3/000927_2014-06-09_16-32-30_260595134347_rgbf000123-resize_3-target.png,1000,2.6785,4,3842,999,feet,jsons/v1_VE1000_randls_2_rotated.json,1264650,1381041,25,Man
148,526603,DepthScenes,duration_manipulation_targetAtFixation,jsons/v1_VE1000_randls_2_rotated.json,http://54.235.29.9/FacialAge/BNav_EC2/DepthDuration/v2_depth_duration_MTurk/v2_DepthDuration_HTML.html#187,187,1366,625,1366,768,8-30-2022,13-32-3,149,depth_duration_stimuli/001110_2014-06-15_17-25-28_260595134347_rgbf000150-resize_1/001110_2014-06-15_17-25-28_260595134347_rgbf000150-resize_1-target.png,1000,1.7115,6,4633,1000,feet,jsons/v1_VE1000_randls_2_rotated.json,1264650,1381041,25,Man
149,526603,DepthScenes,duration_manipulation_targetAtFixation,jsons/v1_VE1000_randls_2_rotated.json,http://54.235.29.9/FacialAge/BNav_EC2/DepthDuration/v2_depth_duration_MTurk/v2_DepthDuration_HTML.html#187,187,1366,625,1366,768,8-30-2022,13-32-3,150,depth_duration_stimuli/000549_2014-06-08_22-10-24_260595134347_rgbf000247-resize_3/000549_2014-06-08_22-10-24_260595134347_rgbf000247-resize_3-target.png,1000,1.841,3,3811,1000,feet,jsons/v1_VE1000_randls_2_rotated.json,1264650,1381041,25,Man
150,526603,DepthScenes,duration_manipulation_targetAtFixation,jsons/v1_VE1000_randls_2_rotated.json,http://54.235.29.9/FacialAge/BNav_EC2/DepthDuration/v2_depth_duration_MTurk/v2_DepthDuration_HTML.html#187,187,1366,625,1366,768,8-30-2022,13-32-3,151,depth_duration_stimuli/001055_2014-06-08_18-45-35_260595134347_rgbf000111-resize_4/001055_2014-06-08_18-45-35_260595134347_rgbf000111-resize_4-target.png,1000,2.4290000000000003,4,4114,999,feet,jsons/v1_VE1000_randls_2_rotated.json,1264650,1381041,25,Man
151,526603,DepthScenes,duration_manipulation_targetAtFixation,jsons/v1_VE1000_randls_2_rotated.json,http://54.235.29.9/FacialAge/BNav_EC2/DepthDuration/v2_depth_duration_MTurk/v2_DepthDuration_HTML.html#187,187,1366,625,1366,768,8-30-2022,13-32-3,152,depth_duration_stimuli/000569_2014-06-09_22-51-47_260595134347_rgbf000141-resize_3/000569_2014-06-09_22-51-47_260595134347_rgbf000141-resize-original.jpg,1000,4.512,0,4022,998,feet,jsons/v1_VE1000_randls_2_rotated.json,1264650,1381041,25,Man
152,526603,DepthScenes,duration_manipulation_targetAtFixation,jsons/v1_VE1000_randls_2_rotated.json,http://54.235.29.9/FacialAge/BNav_EC2/DepthDuration/v2_depth_duration_MTurk/v2_DepthDuration_HTML.html#187,187,1366,625,1366,768,8-30-2022,13-32-3,153,depth_duration_stimuli/000734_2014-06-08_17-39-11_260595134347_rgbf000128-resize_2/000734_2014-06-08_17-39-11_260595134347_rgbf000128-resize_2-target.png,1000,4.098,4,5215,1793,feet,jsons/v1_VE1000_randls_2_rotated.json,1264650,1381041,25,Man
153,526603,DepthScenes,duration_manipulation_targetAtFixation,jsons/v1_VE1000_randls_2_rotated.json,http://54.235.29.9/FacialAge/BNav_EC2/DepthDuration/v2_depth_duration_MTurk/v2_DepthDuration_HTML.html#187,187,1366,625,1366,768,8-30-2022,13-32-3,154,depth_duration_stimuli/000739_2014-06-08_18-45-58_260595134347_rgbf000068-resize_1/000739_2014-06-08_18-45-58_260595134347_rgbf000068-resize_1-target.png,1000,3.534,4,5451,1000,feet,jsons/v1_VE1000_randls_2_rotated.json,1264650,1381041,25,Man
154,526603,DepthScenes,duration_manipulation_targetAtFixation,jsons/v1_VE1000_randls_2_rotated.json,http://54.235.29.9/FacialAge/BNav_EC2/DepthDuration/v2_depth_duration_MTurk/v2_DepthDuration_HTML.html#187,187,1366,625,1366,768,8-30-2022,13-32-3,155,depth_duration_stimuli/002637_2014-06-24_14-51-13_094959634447_rgbf000066-resize_4/002637_2014-06-24_14-51-13_094959634447_rgbf000066-resize_4-target.png,1000,1.9955,9,3914,1000,feet,jsons/v1_VE1000_randls_2_rotated.json,1264650,1381041,25,Man
155,526603,DepthScenes,duration_manipulation_targetAtFixation,jsons/v1_VE1000_randls_2_rotated.json,http://54.235.29.9/FacialAge/BNav_EC2/DepthDuration/v2_depth_duration_MTurk/v2_DepthDuration_HTML.html#187,187,1366,625,1366,768,8-30-2022,13-32-3,156,depth_duration_stimuli/003534_2014-05-22_15-06-10_094959634447_rgbf000102-resize_4/003534_2014-05-22_15-06-10_094959634447_rgbf000102-resize_4-target.png,1000,1.426,3,3755,1000,feet,jsons/v1_VE1000_randls_2_rotated.json,1264650,1381041,25,Man
156,526603,DepthScenes,duration_manipulation_targetAtFixation,jsons/v1_VE1000_randls_2_rotated.json,http://54.235.29.9/FacialAge/BNav_EC2/DepthDuration/v2_depth_duration_MTurk/v2_DepthDuration_HTML.html#187,187,1366,625,1366,768,8-30-2022,13-32-3,157,depth_duration_stimuli/002660_2014-06-13_15-44-18_094959634447_rgbf001878-resize_2/002660_2014-06-13_15-44-18_094959634447_rgbf001878-resize_2-target.png,1000,3.576,6,3936,999,feet,jsons/v1_VE1000_randls_2_rotated.json,1264650,1381041,25,Man
157,526603,DepthScenes,duration_manipulation_targetAtFixation,jsons/v1_VE1000_randls_2_rotated.json,http://54.235.29.9/FacialAge/BNav_EC2/DepthDuration/v2_depth_duration_MTurk/v2_DepthDuration_HTML.html#187,187,1366,625,1366,768,8-30-2022,13-32-3,158,depth_duration_stimuli/002153_2014-06-25_21-27-18_260595134347_rgbf000038-resize_5/002153_2014-06-25_21-27-18_260595134347_rgbf000038-resize_5-target.png,1000,2.505,4,3946,999,feet,jsons/v1_VE1000_randls_2_rotated.json,1264650,1381041,25,Man
158,526603,DepthScenes,duration_manipulation_targetAtFixation,jsons/v1_VE1000_randls_2_rotated.json,http://54.235.29.9/FacialAge/BNav_EC2/DepthDuration/v2_depth_duration_MTurk/v2_DepthDuration_HTML.html#187,187,1366,625,1366,768,8-30-2022,13-32-3,159,depth_duration_stimuli/002340_2014-06-28_20-05-46_260595134347_rgbf000113-resize_0/002340_2014-06-28_20-05-46_260595134347_rgbf000113-resize_0-target.png,1000,2.4735,6,4587,999,feet,jsons/v1_VE1000_randls_2_rotated.json,1264650,1381041,25,Man
159,526603,DepthScenes,duration_manipulation_targetAtFixation,jsons/v1_VE1000_randls_2_rotated.json,http://54.235.29.9/FacialAge/BNav_EC2/DepthDuration/v2_depth_duration_MTurk/v2_DepthDuration_HTML.html#187,187,1366,625,1366,768,8-30-2022,13-32-3,160,depth_duration_stimuli/001016_2014-06-09_16-16-10_260595134347_rgbf000112-resize_5/001016_2014-06-09_16-16-10_260595134347_rgbf000112-resize_5-target.png,1000,1.6565,7,4312,999,feet,jsons/v1_VE1000_randls_2_rotated.json,1264650,1381041,25,Man
160,526603,DepthScenes,duration_manipulation_targetAtFixation,jsons/v1_VE1000_randls_2_rotated.json,http://54.235.29.9/FacialAge/BNav_EC2/DepthDuration/v2_depth_duration_MTurk/v2_DepthDuration_HTML.html#187,187,1366,625,1366,768,8-30-2022,13-32-3,161,depth_duration_stimuli/000109_2014-05-14_23-41-52_260595134347_rgbf000035-resize_9/000109_2014-05-14_23-41-52_260595134347_rgbf000035-resize_9-target.png,1000,1.3545,3,4266,1000,feet,jsons/v1_VE1000_randls_2_rotated.json,1264650,1381041,25,Man
161,526603,DepthScenes,duration_manipulation_targetAtFixation,jsons/v1_VE1000_randls_2_rotated.json,http://54.235.29.9/FacialAge/BNav_EC2/DepthDuration/v2_depth_duration_MTurk/v2_DepthDuration_HTML.html#187,187,1366,625,1366,768,8-30-2022,13-32-3,162,depth_duration_stimuli/000470_2014-06-09_19-42-40_260595134347_rgbf000094-resize_1/000470_2014-06-09_19-42-40_260595134347_rgbf000094-resize_1-target.png,1000,1.831,4,4035,1000,feet,jsons/v1_VE1000_randls_2_rotated.json,1264650,1381041,25,Man
162,526603,DepthScenes,duration_manipulation_targetAtFixation,jsons/v1_VE1000_randls_2_rotated.json,http://54.235.29.9/FacialAge/BNav_EC2/DepthDuration/v2_depth_duration_MTurk/v2_DepthDuration_HTML.html#187,187,1366,625,1366,768,8-30-2022,13-32-3,163,depth_duration_stimuli/002657_2014-06-13_15-29-54_094959634447_rgbf000150-resize_1/002657_2014-06-13_15-29-54_094959634447_rgbf000150-resize_1-target.png,1000,4.919,4,3595,1000,feet,jsons/v1_VE1000_randls_2_rotated.json,1264650,1381041,25,Man
163,526603,DepthScenes,duration_manipulation_targetAtFixation,jsons/v1_VE1000_randls_2_rotated.json,http://54.235.29.9/FacialAge/BNav_EC2/DepthDuration/v2_depth_duration_MTurk/v2_DepthDuration_HTML.html#187,187,1366,625,1366,768,8-30-2022,13-32-3,164,depth_duration_stimuli/002375_2014-06-28_20-13-44_260595134347_rgbf000032-resize_1/002375_2014-06-28_20-13-44_260595134347_rgbf000032-resize_1-target.png,1000,4.0175,6,3980,999,feet,jsons/v1_VE1000_randls_2_rotated.json,1264650,1381041,25,Man
